0, 0.392405, 0, 0, 3.14159, 3.14159, 0, 0, 0, 1
0.08, -0.881519, -2.91902, 0.517939, 3.10577, 3.15044, -0.00426638, -0.387295, 0.0156039, 0
0.08, 1.09065, -2.91902, 0.517939, 3.10577, 3.15044, -0.00426638, -0.387295, 0.0156039, 2
0.18, -0.106604, 4.34353, -0.688948, 3.177, 3.14189, 0.00612792, 0.595181, 0.0756476, 0
0.29, -1.11439, -5.81157, 0.784919, 3.09625, 3.14717, -0.00559124, -0.808257, 0.144576, 0
0.5, 0.841792, 4.26082, -2.31605, 2.93343, 2.9864, -0.072788, 0.168288, 0.349377, 0
0.71, -0.165989, 14.3798, 3.94652, 4.89069, 3.1576, -0.0115653, 0.414785, 0.426675, 0
0.92, 0.00853494, -1.15413, 7.01847, 6.27938, 4.30892, 0.000231978, -0.30243, 0.429575, 0
0.1, 1.09065, -4.57438, 0.556801, 3.16171, -0.0146166, 0, -0.387295, 0.0156039, 1
0.18, 0.132846, 1.13299, 1.81274, 3.18139, 0.102352, 0.0198821, 0.348341, 0.0516584, 0
0.19, -0.874848, 1.13299, 1.81274, 3.18139, 0.102352, 0.0198821, 0.348341, 0.0516584, 2
0.29, -1.2, -7.4695, 4.30289, 2.86457, 0.408133, -0.0227009, -1.2, 0.161926, 0
0.4, -0.210671, -4.23041, 10.949, 2.22107, 1.24698, -0.123032, -0.6242, 0.243567, 0
0.61, 0.904078, 8.30273, 5.84413, 2.64867, 3.01026, -0.105959, 0.786801, 0.33405, 0
0.82, -0.430393, 10.2894, 1.67564, 4.60084, 3.79983, -0.0246516, -0.0124468, 0.439322, 0
1.03, 0.626613, -8.28253, 7.98983, 4.81156, 4.81471, -0.0103949, 0.148224, 0.5, 0
0.2, -0.874848, -0.41914, -1.60196, 3.07563, 0.0250279, 0, 0.348341, 0.0516584, 1
0.29, -1.16748, -5.65171, 0.488021, 2.63163, -0.0924338, -0.0415328, -0.926904, 0.146151, 0
0.295, 0.542519, -5.65171, 0.488021, 2.63163, -0.0924338, -0.0415328, -0.926904, 0.146151, 2
0.395, -0.776001, 4.86978, 5.73419, 2.59253, 0.218677, -0.0889627, -0.0216942, 0.190976, 0
0.505, -0.717395, -1.96874, 13.1118, 2.75209, 1.25521, -0.137765, -0.865614, 0.252402, 0
0.715, 0.956601, 5.22462, 8.32289, 3.09396, 3.50585, -0.169204, 0.56619, 0.402525, 0
0.925, 0.11509, 12.5122, 3.38061, 4.95632, 4.73472, -0.0549348, 0.522092, 0.5, 0
0.3, 0.542519, 0, 0, 0, 0, 0, -0.926904, 0.146151, 1
0.395, -0.710075, -6.20052, 1.85368, -0.484664, 0.102653, -0.0300002, -0.368898, 0.159239, 0
0.3975, -1.19791, -6.20052, 1.85368, -0.484664, 0.102653, -0.0300002, -0.368898, 0.159239, 2
0.4975, 0.576622, -7.19196, -2.00311, -1.15429, 0.0951815, -0.0636357, -0.303812, 0.247614, 0
0.6075, 0.886463, -6.62597, -13.9074, -1.91427, -0.779894, -0.0307704, 0.901363, 0.309121, 0
0.8175, 0.985012, -6.45707, -12.8069, -3.28799, -3.58489, 0.163761, 0.951319, 0.493508, 0
0.4, -1.19791, 1.79328, 0.220167, 0.0244025, 0.00174603, 0, -0.368898, 0.159239, 1
0.4975, 0.532259, 2.44797, -1.82645, 0.365079, -0.0606469, -0.0454794, -0.0390589, 0.194362, 0
0.49875, 0.958522, 2.44797, -1.82645, 0.365079, -0.0606469, -0.0454794, -0.0390589, 0.194362, 2
0.59875, 1.2, -2.94407, -4.58754, 0.205709, -0.366961, -0.00677851, 1.2, 0.323706, 0
0.70875, 1.2, -3.33099, -7.06868, -0.156588, -0.998642, 0.11606, 1.2, 0.486253, 0
0.91875, 1.19484, -25, 24.4235, -3.13664, 0.834538, 0.38, 1.2, 0.5, 0
0.5, 0.958522, 4.24246, -1.54561, -0.0299055, -0.0303729, 0, -0.0390589, 0.194362, 1
0.59875, 1.19698, -2.98464, -1.16164, -0.0798004, -0.143454, 0.0642973, 1.02754, 0.309533, 0
0.599375, 1.2, -2.98464, -1.16164, -0.0798004, -0.143454, 0.0642973, 1.02754, 0.309533, 2
0.699375, 0.257749, -2.9003, -0.579122, -0.374047, -0.230493, 0.150366, 0.693835, 0.384854, 0
0.809375, -0.821532, -1.87088, 2.83789, -0.636462, -0.10626, 0.164221, -0.441932, 0.425629, 0
1.01937, -0.182715, -1.37567, 15.8539, -0.97735, 1.85637, 0.0622301, -0.529408, 0.5, 0
0.6, 1.2, 3.48008, -6.062, -0.433618, 0.0366322, 0, 1.02754, 0.309533, 1
0.699375, 0.263638, 4.61912, -6.15736, -0.114194, -0.534006, 0.0899354, 0.591821, 0.370015, 0
0.699688, -0.169059, 4.61912, -6.15736, -0.114194, -0.534006, 0.0899354, 0.591821, 0.370015, 2
0.799688, 0.381503, 6.1823, -9.68065, 0.425877, -1.32591, 0.121989, 0.0492519, 0.378721, 0
0.909687, -0.67387, 10.3281, -14.3996, 1.33395, -2.65032, 0.114895, -0.178239, 0.411701, 0
1.11969, -0.621425, -23.5276, 24.5499, -0.0519934, -1.58454, 0.00583513, -0.860424, 0.49993, 0
0.7, -0.169059, -0.376169, -11.7488, -1.36942, 0.0895759, 0, 0.591821, 0.370015, 1
0.799688, 0.379782, 1.41476, -12.6651, -1.30302, -1.00709, 0.0243712, 0.240734, 0.373624, 0
0.799844, -1.00289, 1.41476, -12.6651, -1.30302, -1.00709, 0.0243712, 0.240734, 0.373624, 2
0.899844, -1.2, 10.1575, -6.313, 0.128749, -1.58904, -0.109568, -1.17355, 0.473645, 0
1.00984, -0.247789, -25, 25, -0.597635, -0.819483, -0.323038, -1.14072, 0.495268, 0
1.21984, 1.2, -25, 25, -10.2861, 8.82574, -0.0726676, 1.12389, 0.5, 0
0.8, -1.00289, -4.36759, -16.9454, -2.97966, 0.0925047, 0, 0.240734, 0.373624, 1
0.899844, -1.19969, -1.08154, -14.8055, -3.51203, -1.49291, -0.059812, -1.02875, 0.49504, 0
0.899922, 0.080775, -1.08154, -14.8055, -3.51203, -1.49291, -0.059812, -1.02875, 0.49504, 2
0.999922, -0.793657, 25, -25, -3.41064, -3.25627, -0.122508, -0.319454, 0.5, 0
1.10992, -0.219406, 25, -25, -0.150537, -6.6963, -0.0855584, -0.227548, 0.467787, 0
1.31992, -1.2, 25, -25, 10.8341, -19.1769, -0.196404, -0.939739, 0.0419715, 0
1.52992, 1.19486, 25, -25, 26.685, -36.4112, -0.287883, 0.41445, 0, 0
0.9, 0.080775, 23.7115, -23.4164, -4.46071, 0.0237791, 0, -1.02875, 0.49504, 1
0.999922, -0.792974, 28.6311, -32.1196, -1.45285, -2.87954, -0.0539593, -0.56351, 0.514068, 0
0.999961, 0.566306, 28.6311, -32.1196, -1.45285, -2.87954, -0.0539593, -0.56351, 0.514068, 2
1.09996, 1.2, 25, -25, 8.21959, -14.1078, 0.0657095, 1.09395, 0.411249, 0
1.20996, -1.2, 25, -25, 15.2912, -22.3855, 0.24566, 0.430899, 0.479556, 0
1.41996, 1.19591, 25, -25, 21.6976, -31.873, 0.250484, -0.51344, 0.5, 0
1, 0.566306, 20.4223, 4.72428, -5.60376, 0.00717987, 0, -0.56351, 0.514068, 1
1.09996, 1.19975, 6.15811, 20.7996, -4.23684, 1.29448, 0.0312723, 0.879429, 0.595354, 0
1.09998, 1.2, 6.15811, 20.7996, -4.23684, 1.29448, 0.0312723, 0.879429, 0.595354, 2
1.19998, 0.369543, 23.5127, -25, 1.63525, -8.46821, 0.211257, 1.2, 0.40926, 0
1.30998, 1.2, 25, -25, 10.3066, -17.8689, 0.282853, 1.18481, 0.483067, 0
1.51998, -0.107058, 24.5914, -25, 23.6091, -29.7083, 0.38, 1.2, 0.5, 0
1.72998, -0.660605, 25, -25, 30.8092, -38.1786, 0.38, -1.2, 0.5, 0
1.1, 1.2, 14.1238, -0.955438, -4.80881, 0.058975, 0, 0.879429, 0.595354, 1
1.19998, 0.369705, 13.5314, 20.246, -3.15382, 1.03034, 0.0876853, 0.646128, 0.662685, 0
1.19999, -0.67105, 13.5314, 20.246, -3.15382, 1.03034, 0.0876853, 0.646128, 0.662685, 2
1.29999, -1.2, 5.22716, -4.13949, -5.23092, 7.07227, 0.379294, -1.18646, 0.0778198, 0
1.40999, -1.18841, 25, -25, 4.01329, -2.17377, 0.378604, -1.2, 0.498406, 0
1.61999, -1.2, 25, -25, 42.2787, -39.4735, 0.366171, -1.19298, 0.49724, 0
1.82999, -1.2, -25, 25, 25.3006, -25.0114, -0.378861, -1.2, 0.00365329, 0
2.03999, 1.1938, 17.025, -24.986, 17.7467, -19.4653, -0.38, -1.17943, 0.00331036, 0
1.2, -0.67105, 0, 0, 0, 0, 0, 0.646128, 0.662685, 1
1.29999, -1.19995, 11.0831, 0.787883, 0.723093, -0.0713452, -0.032356, -0.902855, 0.752523, 0
1.3, -1.2, 11.0831, 0.787883, 0.723093, -0.0713452, -0.032356, -0.902855, 0.752523, 2
1.4, 1.2, 16.6438, -0.297613, 0.926462, -1.93348, -0.106933, -0.854069, 0.5, 0
1.51, 1.04222, 25, -25, 17.8348, -13.4161, 0.238086, 1.19225, 0.5, 0
1.72, -1.19572, 25, -25, 47.7342, -42.4329, 0.288145, -0.938883, 0.5, 0
1.3, -1.2, 0, 0, 0, 0, 0, -0.902855, 0.752523, 1
1.4, 1.19988, -9.41669, 1.27601, -0.308875, 0.0522361, -0.0495299, 0.350919, 0.800516, 0
1.4, -1.1714, -9.41669, 1.27601, -0.308875, 0.0522361, -0.0495299, 0.350919, 0.800516, 2
1.5, 0.86457, 25, -25, 9.99701, -12.2302, 0.0291287, -0.162732, 0.418641, 0
1.61, 1.18753, 25, -25, 22.4708, -23.8683, 0.192706, 1.2, 0.5, 0
1.82, -0.201966, 25, -22.9707, 38.6493, -40.1831, 0.38, 0.356555, 0.475555, 0
1.4, -1.1714, 0, 0, 0, 0, 0, 0.350919, 0.800516, 1
1.5, 0.864521, 3.73689, -2.41781, 0.422703, -0.11569, -0.0111735, 0.245348, 0.837411, 0
1.5, 1.15347, 3.73689, -2.41781, 0.422703, -0.11569, -0.0111735, 0.245348, 0.837411, 2
1.6, -1.17806, 25, -25, 14.8064, -12.2307, -0.265235, -0.844539, 0.497847, 0
1.71, -0.719319, 25, -25, 27.5845, -22.6088, -0.323791, -0.235938, 0.486214, 0
1.92, -1.2, 25, -25, 43.9949, -37.6282, -0.37953, -1.2, 0.0423829, 0
1.5, 1.15347, 0, 0, 0, 0, 0, 0.245348, 0.837411, 1
1.6, -1.17803, 3.67034, 0.200449, -0.0399571, 0.035766, 0.0243638, -0.402542, 0.882725, 0
1.6, 0.642433, 3.67034, 0.200449, -0.0399571, 0.035766, 0.0243638, -0.402542, 0.882725, 2
1.7, -0.669359, 25, -25, 11.3903, -11.4418, -0.0528279, -0.491074, 0.16408, 0
1.81, 1.2, 0.255149, -24.9559, 16.0769, -17.2876, -0.125024, -0.397051, 0.168883, 0
2.02, -0.612356, 7.51781, -6.16665, 18.2951, -25.4061, -0.109739, 1.2, 0.179167, 0
1.6, 0.642433, 0, 0, 0, 0, 0, -0.402542, 0.882725, 1
1.7, -0.669351, -3.12339, 1.93091, -0.312936, 0.0912309, -0.00636375, -0.275508, 0.897083, 0
1.7, -1.01977, -3.12339, 1.93091, -0.312936, 0.0912309, -0.00636375, -0.275508, 0.897083, 2
1.8, -1.05443, 25, -25, 15.6729, -15.7442, -0.161651, -1.14723, 0.5, 0
1.91, 1.09519, 24.9649, -3.89519, 19.195, -18.7448, -0.235486, 0.406731, 0.445442, 0
2.12, 1.19131, 24.9983, -24.2848, 24.0839, -19.7485, 0.0287508, 1.19789, 0.159807, 0
1.7, -1.01977, 0, 0, 0, 0, 0, -0.275508, 0.897083, 1
1.8, -1.05443, 6.64016, -1.62568, 0.401854, -0.088883, -0.075778, -0.982636, 1.00465, 0
1.8, -1.2, 6.64016, -1.62568, 0.401854, -0.088883, -0.075778, -0.982636, 1.00465, 2
1.9, 1.2, 25, -24.6355, 16.9887, -18.2011, -0.00722174, 0.268773, 0.5, 0
2.01, 0.811173, 25, -17.6773, 19.0594, -19.6996, 0.302, 1.18694, 0.5, 0
2.22, -0.906569, 24.1777, -8.16644, 22.1405, -20.9849, 0.252001, -0.737848, 0.5, 0
1.8, -1.2, 0, 0, 0, 0, 0, -0.982636, 1.00465, 1
1.9, 1.2, -9.8936, 1.17825, -0.348786, 0.0586188, -0.052429, 0.344676, 1.05265, 0
1.9, -1.19576, -9.8936, 1.17825, -0.348786, 0.0586188, -0.052429, 0.344676, 1.05265, 2
2, 0.0294818, 25, -19.1596, 4.05799, -2.15934, -0.167122, -1.00367, 0.489845, 0
2.11, 1.19944, 25, -25, 11.8124, -7.02774, -0.15541, 1.2, 0.460142, 0
2.32, -0.502424, 25, -25, 24.1826, -16.3854, -0.0241271, -0.056826, 0.00228344, 0
1.9, -1.19576, 0, 0, 0, 0, 0, 0.344676, 1.05265, 1
2, 0.0294809, 6.92825, -1.76029, 0.561654, -0.111005, -0.0331064, -0.293494, 1.09916, 0
2, 1.17073, 6.92825, -1.76029, 0.561654, -0.111005, -0.0331064, -0.293494, 1.09916, 2
2.1, 1.2, 25, -25, 7.56333, -9.99662, 0.351916, 1.2, 0.355601, 0
2.21, -1.2, -9.96013, -23.4956, 9.81792, -15.7016, 0.379715, 0.724797, 0.0181324, 0
2.42, 1.2, -25, 25, -23.9648, 16.0455, 0.379552, -1.1986, 0.107257, 0
2, 1.17073, 4.67721, -2.06898, -0.103421, -0.0456384, 0, -0.293494, 1.09916, 1
2.1, 1.2, -6.49065, -0.134769, -0.363536, -0.131867, 0.0645635, 1.07291, 1.23968, 0
2.1, 0.240149, -6.49065, -0.134769, -0.363536, -0.131867, 0.0645635, 1.07291, 1.23968, 2
2.2, -0.27122, -25, 25, -2.47038, 1.9902, 0.113463, -0.129996, 0.5, 0
2.31, -0.623919, -25, 25, -6.62526, 6.17966, 0.0793791, -0.489716, 0.5, 0
2.52, -1.12511, -10.3428, -22.7742, -10.3468, 6.4247, -0.108454, -1.19938, 0.5, 0
2.1, 0.240149, 0, 0, 0, 0, 0, 1.07291, 1.23968, 1
2.2, -0.27122, 8.86695, -0.997281, 0.520966, -0.0905729, 0.0415795, -0.0190654, 1.24188, 0
2.2, 0.255613, 8.86695, -0.997281, 0.520966, -0.0905729, 0.0415795, -0.0190654, 1.24188, 2
2.3, 0.158616, 9.93823, 3.17149, 1.46084, 0.0177881, 0.0523007, 0.233422, 0.5, 0
2.41, -0.677649, 2.27991, 15.497, 2.13239, 1.04382, 0.0479297, -0.340008, 0.443348, 0
2.62, 1.2, 23.4553, -24.4893, 4.8343, 0.099715, 0.0764106, 0.597053, 0.5, 0
2.2, 0.255613, 0, 0, 0, 0, 0, -0.0190654, 1.24188, 1
2.3, 0.158616, -2.25015, 0.948149, -0.134382, 0.0380746, 0.0131628, 0.172038, 1.24625, 0
2.3, -0.353975, -2.25015, 0.948149, -0.134382, 0.0380746, 0.0131628, 0.172038, 1.24625, 2
2.4, -0.266526, 0.83685, 0.753374, -0.199707, 0.119711, -0.000342117, -0.412282, 0.5, 0
2.51, -1.2, 0.376432, 4.67431, -0.12996, 0.419104, -0.0684252, -0.789569, 0.451599, 0
2.72, -0.728945, 25, -22.4084, 2.53805, -1.5822, -0.269892, -1.10608, 0.5, 0
2.3, -0.353975, 0, 0, 0, 0, 0, 0.172038, 1.24625, 1
2.4, -0.266526, 4.53641, -1.57061, 0.271084, -0.0698518, -0.0140983, -0.256489, 1.25594, 0
2.4, -1.07751, 4.53641, -1.57061, 0.271084, -0.0698518, -0.0140983, -0.256489, 1.25594, 2
2.5, -0.398719, 14.3427, 2.07191, 1.3491, -0.0923266, -0.067828, -0.852168, 0.5, 0
2.61, -1.2, 9.06673, 13.251, 2.70178, 0.726729, -0.159911, -0.822066, 0.496146, 0
2.82, 1.15738, -23.802, 25, 1.14771, 4.75509, -0.205335, 0.389457, 0.5, 0
2.4, -1.07751, 0, 0, 0, 0, 0, -0.256489, 1.25594, 1
2.5, -0.398719, 4.19189, -1.784, 0.313807, -0.0841916, -0.061024, -0.580225, 1.31426, 0
2.5, -0.275967, 4.19189, -1.784, 0.313807, -0.0841916, -0.061024, -0.580225, 1.31426, 2
2.6, 0.0368924, 4.74897, -4.87724, 0.605008, -0.405536, -0.0962438, -0.0706672, 0.5, 0
2.71, 1.05163, 25, -24.2252, 2.22545, -1.96473, -0.064464, 0.644043, 0.43738, 0
2.92, 1.2, 21.2164, -24.1066, 7.08886, -7.04753, 0.167282, 1.2, 0.5, 0
2.5, -0.275967, 0, 0, 0, 0, 0, -0.580225, 1.31426, 1
2.6, 0.0368924, -4.60296, 1.40286, -0.23028, 0.0571626, -0.0308809, -0.101056, 1.31651, 0
2.6, -1.2, -4.60296, 1.40286, -0.23028, 0.0571626, -0.0308809, -0.101056, 1.31651, 2
2.7, 1.1662, 25, -19.733, 2.00159, -1.81874, -0.0327252, -0.0189701, 0.499816, 0
2.81, 0.917651, 23.4247, -22.8033, 4.67531, -4.16648, 0.033421, 1.2, 0.5, 0
3.02, -0.930117, -25, 23.5604, 4.44772, -4.08709, 0.102598, -0.562802, 0.5, 0
2.6, -1.2, 0, 0, 0, 0, 0, -0.101056, 1.31651, 1
2.7, 1.1662, -1.78817, -1.05852, 0.140896, -0.0644565, -0.0212162, 0.39328, 1.36319, 0
2.7, 1.15333, -1.78817, -1.05852, 0.140896, -0.0644565, -0.0212162, 0.39328, 1.36319, 2
2.8, -1.15332, 25, -25, 6.11759, -6.26051, 0.00128487, 0.0278607, 0.5, 0
2.91, 1.15124, 25, -25, 12.6259, -12.6792, 0.00279162, -0.0161715, 0.110636, 0
3.12, 1.2, -20.6195, -12.932, 13.1046, -16.6843, 0.351145, 1.18872, 0.0191691, 0
2.7, 1.15333, 0, 0, 0, 0, 0, 0.39328, 1.36319, 1
2.8, -1.15332, 5.11041, -0.430988, 0.0394364, 0.0125262, 0.0303515, -0.375097, 1.40753, 0
2.8, -0.337281, 5.11041, -0.430988, 0.0394364, 0.0125262, 0.0303515, -0.375097, 1.40753, 2
2.9, 0.124552, 25, -25, 7.84391, -10.9997, -0.0091011, -0.486283, 0.5, 0
3.01, -0.293214, 25, -24.9983, 10.2207, -14.7765, -0.0109072, -0.13627, 0.470753, 0
3.22, 1.2, 7.7207, -25, 11.9432, -32.1584, 0.224769, 1.05038, 0.491576, 0
2.8, -0.337281, 0, 0, 0, 0, 0, -0.375097, 1.40753, 1
2.9, 0.124552, -2.94951, 0.837346, -0.114686, 0.02721, -0.0236211, -0.0463716, 1.41044, 0
2.9, -0.62368, -2.94951, 0.837346, -0.114686, 0.02721, -0.0236211, -0.0463716, 1.41044, 2
3, -1.09286, 25, -25, 5.15819, -4.7367, -0.0811488, -0.902506, 0.5, 0
3.11, -1.2, 25, -25, 11.1115, -10.4721, -0.229976, -1.2, 0.5, 0
3.32, -0.189704, 25, -25, 19.1623, -18.4564, -0.38, -0.248697, 0.466752, 0
2.9, -0.62368, 0, 0, 0, 0, 0, -0.0463716, 1.41044, 1
3, -1.09286, 7.26446, -1.49903, 0.396476, -0.0836712, -0.0530424, -0.876359, 1.48594, 0
3, -1.2, 7.26446, -1.49903, 0.396476, -0.0836712, -0.0530424, -0.876359, 1.48594, 2
3.1, 1.2, 19.7047, -11.2644, 9.86577, -5.91556, -0.0681102, -0.256131, 0.5, 0
3.21, -0.0507612, 13.9631, -25, 12.9382, -7.85013, -0.0318827, 0.914813, 0.480184, 0
3.42, 1.19999, -25, 23.6517, 10.7999, -3.99571, 0.123121, 0.561412, 0.461515, 0
3, -1.2, 0, 0, 0, 0, 0, -0.876359, 1.48594, 1
3.1, 1.2, -9.24948, 1.29586, -0.295448, 0.0498345, -0.0485649, 0.353131, 1.53394, 0
3.1, -0.820147, -9.24948, 1.29586, -0.295448, 0.0498345, -0.0485649, 0.353131, 1.53394, 2
3.2, 1.19819, -14.7559, 23.3866, -2.37187, -2.53523, 0.188389, 1.2, 0.499408, 0
3.31, -1.2, -25, 25, -10.2128, 2.47774, 0.38, 1.17948, 0.499444, 0
3.52, 1.2, -25, -25, -29.8047, 11.451, 0.37969, -1.07753, 0.5, 0
3.1, -0.820147, 0, 0, 0, 0, 0, 0.353131, 1.53394, 1
3.2, 1.19819, 0.838535, -1.7923, 0.248959, -0.0868596, 0.0108233, 0.557658, 1.57146, 0
3.2, 0.91393, 0.838535, -1.7923, 0.248959, -0.0868596, 0.0108233, 0.557658, 1.57146, 2
3.3, 1.2, -23.4394, 22.7109, -4.42197, 5.69959, 0.10668, 1.12756, 0.5, 0
3.41, 1.0243, -25, 25, -9.80314, 11.869, 0.268345, 1.2, 0.5, 0
3.62, -1.2, -12.4214, 25, -15.2385, 19.0297, 0.321176, -0.862809, 0.5, 0
3.2, 0.91393, 0, 0, 0, 0, 0, 0.557658, 1.57146, 1
3.3, 1.2, -4.90433, 1.47411, -0.252592, 0.0622225, 0.0855516, 1.06766, 1.68386, 0
3.3, -1.2, -4.90433, 1.47411, -0.252592, 0.0622225, 0.0855516, 1.06766, 1.68386, 2
3.4, 1.2, -25, 25, -6.98452, 8.62332, 0.0491266, 0.302417, 0.5, 0
3.51, -1.2, -25, 24.9707, -11.5355, 13.5012, 0.0235286, 0.112974, 0.5, 0
3.72, 1.2, 25, 19.3402, -11.1206, 27.3628, 0.0165981, -0.329057, 0.5, 0
3.3, -1.2, 0, 0, 0, 0, 0, 1.06766, 1.68386, 1
3.4, 1.2, 7.26957, -1.89913, 0.696482, -0.116726, 0.0221169, 0.507735, 1.73186, 0
3.4, 1.16056, 7.26957, -1.89913, 0.696482, -0.116726, 0.0221169, 0.507735, 1.73186, 2
3.5, 1.2, -25, 25, -11.6989, 11.3467, 0.276755, 1.18417, 0.5, 0
3.61, 1.18227, -24.3134, 24.9898, -17.4017, 17.0449, 0.371499, 1.19674, 0.380248, 0
3.82, 1.2, 25, -25, -13.5395, 18.233, 0.38, 1.09392, 0.0346489, 0
3.4, 1.16056, 0, 0, 0, 0, 0, 0.507735, 1.73186, 1
3.5, 1.2, -6.04455, 1.65876, -0.35826, 0.083396, 0.0933006, 1.13374, 1.87118, 0
3.5, 1.2, -6.04455, 1.65876, -0.35826, 0.083396, 0.0933006, 1.13374, 1.87118, 2
3.6, -1.2, -24.8989, 25, -12.0436, 10.1588, -0.297966, -0.161807, 0.473264, 0
3.71, 1.2, -25, 25, -39.0414, 27.589, -0.354914, 0.687426, 0.5, 0
3.92, -1.2, -24.8765, 25, -78.6796, 53.4188, -0.374369, -0.819087, 0.5, 0
3.5, 1.2, 0, 0, 0, 0, 0, 1.13374, 1.87118, 1
3.6, -1.2, 10.6922, -0.856944, 0.421442, -0.0671126, 0.0579229, -0.332662, 1.91918, 0
3.6, 0.758312, 10.6922, -0.856944, 0.421442, -0.0671126, 0.0579229, -0.332662, 1.91918, 2
3.7, -0.84614, -25, 25, -6.11904, 6.22028, 0.0617782, 0.0940917, 0.5, 0
3.81, -0.0293968, -25, 25, -12.826, 12.5493, 0.0179328, -0.891279, 0.5, 0
4.02, 0.00680864, -25, 25, -20.983, 21.0308, -0.0653841, 0.0977844, 0.367882, 0
3.6, 0.758312, 0, 0, 0, 0, 0, -0.332662, 1.91918, 1
3.7, -0.84614, -2.13515, 1.88442, -0.282992, 0.0890374, -0.00372447, -0.349546, 1.94082, 0
3.7, -0.898018, -2.13515, 1.88442, -0.282992, 0.0890374, -0.00372447, -0.349546, 1.94082, 2
3.8, -1.2, -25, 25, -8.57197, 10.2469, -0.145051, -1.1884, 0.5, 0
3.91, -1.07683, -24.9997, 25, -16.3365, 17.7452, -0.340946, -1.17236, 0.5, 0
4.12, 0.534236, -25, 25, -26.072, 27.547, -0.38, -0.361479, 0.336843, 0
3.7, -0.898018, 0, 0, 0, 0, 0, -0.349546, 1.94082, 1
3.8, -1.2, 6.40778, -1.59414, 0.353246, -0.0799123, -0.0773679, -1.04658, 2.05162, 0
3.8, -1.2, 6.40778, -1.59414, 0.353246, -0.0799123, -0.0773679, -1.04658, 2.05162, 2
3.9, 0.56677, -25, 25, -14.0654, 15.8843, -0.158306, -0.669698, 0.5, 0
4.01, 1.2, -25, 25, -18.6074, 19.577, -0.12839, 1.15911, 0.5, 0
4.22, 0.481956, 25, -25, -18.1103, 19.46, 0.105116, 1.01025, 0.5, 0
3.8, -1.2, 0, 0, 0, 0, 0, -1.04658, 2.05162, 1
3.9, 0.56677, -7.72329, 1.36112, -0.265264, 0.0501281, -0.0704972, -0.063403, 2.08766, 0
3.9, 1.19942, -7.72329, 1.36112, -0.265264, 0.0501281, -0.0704972, -0.063403, 2.08766, 2
4, 1.2, -25, -6.03546, -12.3028, 3.48459, 0.144401, 1.2, 0.5, 0
4.11, -1.2, -21.196, -19.4488, -20.6684, -5.76265, 0.173678, -1.12275, 0.5, 0
4.32, 0.20768, 25, -21.9939, -40.1989, -30.6074, -0.359396, -1.19951, 0.5, 0
3.9, 1.19942, 0, 0, 0, 0, 0, -0.063403, 2.08766, 1
4, 1.2, -9.38478, 0.556054, -0.627113, 0.091795, 0.0740418, 1.09936, 2.23159, 0
4, -1.19469, -9.38478, 0.556054, -0.627113, 0.091795, 0.0740418, 1.09936, 2.23159, 2
4.1, 1.19234, 0.058271, 2.70264, -0.586125, -0.626485, 0.159437, 0.270274, 0.5, 0
4.21, -0.255117, 1.9222, 3.80028, -0.255767, -0.245298, 0.244205, 1.2, 0.5, 0
4.42, -0.714278, 24.2938, 20.6131, 2.23473, 2.08922, 0.234538, -1.2, 0.301913, 0
4, -1.19469, -9.07954, 0.760692, 0.0939306, 0.076347, 0, 1.09936, 2.23159, 1
4.1, 1.19234, -5.92757, 1.17094, -0.222157, 0.099056, 0.023285, 0.50689, 2.27907, 0
4.1, 0.0115157, -5.92757, 1.17094, -0.222157, 0.099056, 0.023285, 0.50689, 2.27907, 2
4.2, 0.13926, -4.99707, 2.32255, -0.752501, 0.214684, 0.0744838, 0.118747, 0.5, 0
4.31, -1.05324, -3.56991, 8.74078, -1.18813, 0.849848, 0.0474319, -0.531892, 0.5, 0
4.52, -1.2, 24.6031, -5.46172, 0.810602, 0.997151, -0.255811, -1.2, 0.158671, 0
4.1, 0.0115157, -12.2989, -7.58145, -0.00932471, 0.0596609, 0, 0.50689, 2.27907, 1
4.2, 0.13926, -9.80801, -10.7652, -1.01868, -0.854765, 0.0223387, 0.13221, 2.27978, 0
4.2, -0.259001, -9.80801, -10.7652, -1.01868, -0.854765, 0.0223387, 0.13221, 2.27978, 2
4.3, 1.19961, 15.7646, 25, 0.679483, 3.31036, 0.127015, 0.909252, 0.5, 0
4.41, -0.336327, 24.4306, -10.5472, -1.81812, 11.6576, 0.298545, 1.2, 0.499914, 0
4.62, -1.17321, -20.2499, -25, -4.95377, 12.7692, 0.224369, -1.2, 0.499822, 0
4.2, -0.259001, -2.02218, -19.7771, -1.40408, 0.0635697, 0, 0.13221, 2.27978, 1
4.3, 1.19961, -7.91379, -17.987, -1.05518, -2.20985, 0.0245873, 0.700391, 2.31963, 0
4.3, 1.2, -7.91379, -17.987, -1.05518, -2.20985, 0.0245873, 0.700391, 2.31963, 2
4.4, 1.2, -25, 24.9997, -7.02485, 1.96912, 0.174891, 1.2, 0.5, 0
4.51, 0.811315, -6.82907, 25, -11.1308, 7.62251, 0.223419, 1.2, 0.5, 0
4.72, 0.678023, 25, 25, 5.919, 39.8732, 0.379787, 1.07768, 0.499954, 0
4.3, 1.2, -8.69114, -15.3602, -3.67849, 0.08335, 0, 0.700391, 2.31963, 1
4.4, 1.2, -7.9132, -17.3704, -4.62711, -1.61036, 0.101835, 1.16027, 2.46363, 0
4.4, -1.2, -7.9132, -17.3704, -4.62711, -1.61036, 0.101835, 1.16027, 2.46363, 2
4.5, -1.2, -25, -5.96131, -12.9934, 3.53631, 0.00126003, -1.2, 0.0980422, 0
4.61, 1.2, -17.5738, 25, -17.5494, 7.60277, -0.152369, -3.44617e-005, 0, 0
4.82, 1.2, -15.9404, 11.8085, -21.4768, 12.2792, 0.195454, 1.2, 0.163468, 0
4.4, -1.2, -12.394, 1.92996, -4.30669, 0.15972, 0, 1.16027, 2.46363, 1
4.5, -1.2, -8.35608, 15.5013, -5.82574, 1.71663, -0.0341839, -1.01229, 2.60763, 0
4.5, -0.364294, -8.35608, 15.5013, -5.82574, 1.71663, -0.0341839, -1.01229, 2.60763, 2
4.6, 0.545583, -7.67696, 12.016, -6.1408, 3.37276, -0.0736159, 0.235509, 0.5, 0
4.71, 1.2, 25, -24.9959, -4.77235, 2.67646, -0.00211704, 1.06447, 0.5, 0
4.92, -1.2, 25, -25, 2.59767, -3.98505, 0.0649614, -0.425628, 0.5, 0
4.5, -0.364294, -10.6957, -1.24299, -3.79262, 0.08335, 0, -1.01229, 2.60763, 1
4.6, 0.545583, -0.435426, -0.128061, -4.2832, 0.0992571, -0.0373687, 0.16323, 2.61535, 0
4.6, -1.19345, -0.435426, -0.128061, -4.2832, 0.0992571, -0.0373687, 0.16323, 2.61535, 2
4.7, -1.2, -22.7468, 25, -9.48685, 7.25636, -0.0637859, -1.2, 0.5, 0
4.81, -1.05187, -25, 24.2474, -11.7121, 9.52378, -0.239421, -1.12679, 0.5, 0
5.02, 0.261037, -21.9004, 23.7232, -16.7011, 14.5582, -0.332274, -0.136338, 0.5, 0
4.6, -1.19345, -6.63873, -2.60908, -4.0928, 0.0827869, 0, 0.16323, 2.61535, 1
4.7, -1.2, -3.52117, 6.59869, -4.60542, 0.417109, -0.0701807, -1.08972, 2.75856, 0
4.7, 0.686778, -3.52117, 6.59869, -4.60542, 0.417109, -0.0701807, -1.08972, 2.75856, 2
4.8, -1.2, -25, 25, -10.9466, 7.62803, -0.125578, -0.207422, 0.5, 0
4.91, -1.17166, -25, 25, -27.2514, 23.3249, -0.218054, -1.2, 0.5, 0
5.12, 1.2, 24.0152, -25, -23.1051, 18.5187, -0.290357, 0.785355, 0.5, 0
4.7, 0.686778, 2.77566, -0.542329, -4.30113, 0.00667136, 0, -1.08972, 2.75856, 1
4.8, -1.2, 10.9378, 4.27434, -3.54812, -0.0388485, -0.0428219, -0.655275, 2.79481, 0
4.8, -1.2, 10.9378, 4.27434, -3.54812, -0.0388485, -0.0428219, -0.655275, 2.79481, 2
4.9, 0.972873, 7.48299, 24.9583, -14.9254, 16.4789, -0.263899, -1.2, 0.414059, 0
5.01, -0.234304, 24.046, 14.0339, -11.7192, 22.6485, -0.183333, 0.327327, 0.25103, 0
5.22, -0.523037, 11.3035, -9.44172, 2.58912, 17.6429, 0.0866464, -0.439122, 0, 0
5.43, -1.2, 11.2155, -18.2962, 13.998, 1.26173, -0.220793, -0.639318, 0, 0
4.8, -1.2, 9.26385, -0.452587, -4.22138, 0.0034704, 0, -0.655275, 2.79481, 1
4.9, 0.972873, 26.2845, 19.3184, -2.59416, 0.790472, -0.0461733, 0.226167, 2.83545, 0
4.9, -1.2, 26.2845, 19.3184, -2.59416, 0.790472, -0.0461733, 0.226167, 2.83545, 2
5, 0.443926, -24.074, 24.9996, -12.1783, 15.737, -0.0369371, -1.04516, 0.49741, 0
5.11, 1.15382, 25, -25, -8.36624, 17.1799, 0.0174868, 1.15764, 0.5, 0
5.32, 1.19902, 25, -25, 14.1651, 1.21619, 0.38, 1.2, 0.084379, 0
5.53, -1.2, -24.402, 17.7018, 16.2185, 3.95627, -0.297042, -1.2, 0.12185, 0
4.9, -1.2, 18.9663, -1.7587, -4.83229, -0.018878, 0, 0.226167, 2.83545, 1
5, 0.443926, 8.54962, 25.7497, -2.99283, 1.57239, -0.0272758, -0.0403632, 2.87226, 0
5, 1.2, 8.54962, 25.7497, -2.99283, 1.57239, -0.0272758, -0.0403632, 2.87226, 2
5.1, -1.2, -14.7392, 12.503, -9.34159, 10.9697, -0.0592468, 0.142803, 0.400377, 0
5.21, -1.2, -24.9996, 18.2915, -21.6507, 22.2084, -0.11349, -1.2, 0.468338, 0
5.42, 1.03578, -25, 16.2344, -30.2561, 29.1525, -0.348987, 0.0216581, 0.5, 0
5.63, -0.0811082, -15.1468, 25, -37.3048, 35.7783, -0.243953, 1.17394, 0.498558, 0
5, 1.2, 4.9, 19.2994, -3.77918, -0.0543769, 0, -0.0403632, 2.87226, 1
5.1, -1.2, -19.5091, 28.0029, -4.06652, 1.74853, 0.0152341, -0.426036, 2.92026, 0
5.1, -1.2, -19.5091, 28.0029, -4.06652, 1.74853, 0.0152341, -0.426036, 2.92026, 2
5.2, 0.434319, -25, 25, -17.7502, 8.29271, 0.0437946, -1.1575, 0.5, 0
5.31, 1.2, -25, 25, -25.1616, 17.0887, 0.0366392, 1.2, 0.5, 0
5.52, -0.125528, -25, 25, -35.2848, 27.7664, 0.210534, 0.275356, 0.5, 0
5.73, 1.17588, -20.3488, 25, -40.927, 34.0734, 0.320456, 0.771522, 0.5, 0
5.1, -1.2, 3.19177, 20.5996, -1.28731, -0.0376752, 0, -0.426036, 2.92026, 1
5.2, 0.434319, 16.7253, 9.36333, 0.0236081, 1.66472, -0.0512278, -0.0983458, 2.95717, 0
5.2, -1.06841, 16.7253, 9.36333, 0.0236081, 1.66472, -0.0512278, -0.0983458, 2.95717, 2
5.3, -1.2, -25, 25, -17.9089, 19.8715, -0.184645, -1.2, 0.5, 0
5.41, -1.2, -25, 25, -25.3698, 24.4049, -0.362245, -1.2, 0.5, 0
5.62, 1.2, -25, 24.5277, -37.2559, 33.1389, -0.379147, 0.705045, 0.5, 0
5.2, -1.06841, 17.4113, 14.1847, 0.697979, -0.073413, 0, -0.0983458, 2.95717, 1
5.3, -1.2, 24.4254, 14.0761, 1.80275, 2.36783, -0.0748423, -1.07501, 3.08596, 0
5.3, 1.2, 24.4254, 14.0761, 1.80275, 2.36783, -0.0748423, -1.07501, 3.08596, 2
5.4, -1.2, -25, 17.2569, -8.05699, 16.6519, 0.131096, -0.220569, 0.5, 0
5.51, -1.2, -25, 25, -20.4011, 27.1726, -0.215119, -1.2, 0.481165, 0
5.72, -1.2, -24.9166, 25, -31.6022, 45.4903, -0.38, -1.2, 0, 0
5.3, 1.2, 17.2329, -0.305983, 1.50783, -0.14468, 0, -1.07501, 3.08596, 1
5.4, -1.2, 25.1312, 28.7481, 3.9862, 1.21975, -0.0223842, -0.508319, 3.13396, 0
5.4, -0.71918, 25.1312, 28.7481, 3.9862, 1.21975, -0.0223842, -0.508319, 3.13396, 2
5.5, -1.2, -25, 25, -7.21404, 21.0435, -0.0880119, -1.09397, 0.5, 0
5.61, -1.2, -25, 25, -41.4463, 59.0089, -0.319244, -1.2, 0.5, 0
5.82, 1.2, -24.9707, 25, -55.8609, 78.7483, -0.363068, 1.17194, 0.5, 0
6.03, 0.825608, 24.7101, -25, -45.7654, 82.2225, 0.363854, 1.2, 0.104802, 0
5.4, -0.71918, 17.9044, 1.85235, 0.913222, -0.127978, 0, -0.508319, 3.13396, 1
5.5, -1.2, 1.35562, 25.5408, 2.28004, 1.31335, -0.0762054, -1.00841, 3.22797, 0
5.5, 1.2, 1.35562, 25.5408, 2.28004, 1.31335, -0.0762054, -1.00841, 3.22797, 2
5.6, 1.2, -24.4561, 25, -3.22322, 7.70812, 0.0306573, 1.2, 0.5, 0
5.71, 1.18359, -25, 25, -16.978, 22.7609, 0.221335, 1.2, 0.5, 0
5.92, 1.10854, -25, 25, -39.7765, 46.4945, 0.379208, 1.13556, 0.5, 0
6.13, -1.1305, -25, 25, -56.5749, 63.7932, 0.378942, -0.944171, 0.5, 0
5.5, 1.2, -6.72142, 26.0691, 2.38195, -0.185701, 0, -1.00841, 3.22797, 1
5.6, 1.2, -8.81113, 21.4699, 0.892891, 2.27703, 0.0397052, 1.02437, 3.37197, 0
5.6, 1.2, -8.81113, 21.4699, 0.892891, 2.27703, 0.0397052, 1.02437, 3.37197, 2
5.7, -1.2, -25, 25, -15.0276, 22.6386, -0.177106, -0.317855, 0.5, 0
5.81, 1.2, -25, 25, -29.9785, 40.5992, -0.312107, -0.499095, 0.5, 0
6.02, -1.2, -25, 25, -41.4078, 52.8005, -0.327533, 0.67186, 0.5, 0
5.6, 1.2, 22.465, 3.31686, 4.30568, -0.109332, 0, 1.02437, 3.37197, 1
5.7, -1.2, 24.4527, -1.33067, 6.70924, -1.00056, 0.0539463, -0.34136, 3.41997, 0
5.7, 1.0132, 24.4527, -1.33067, 6.70924, -1.00056, 0.0539463, -0.34136, 3.41997, 2
5.8, 1.2, -25, 25, -15.3299, 26.9695, 0.376199, 1.13848, 0.121721, 0
5.91, 1.1169, -25, 25, -33.7118, 43.3615, 0.379301, 1.2, 0.0405152, 0
6.12, 1.17202, -25, -24.9819, -49.8904, 44.5135, 0.38, -1.18373, 0.5, 0
5.7, 1.0132, 16.3628, 14.1895, 4.59974, -0.0926302, 0, -0.34136, 3.41997, 1
5.8, 1.2, 16.8713, -8.33542, 6.22369, -0.0537092, 0.0567141, 1.02436, 3.54271, 0
5.8, 1.2, 16.8713, -8.33542, 6.22369, -0.0537092, 0.0567141, 1.02436, 3.54271, 2
5.9, 0.793862, -11.005, 12.5232, 5.73285, 3.31434, 0.138344, 1.11255, 0.5, 0
6.01, -1.2, -22.6692, 12.0317, 3.18645, 6.67598, 0.213818, -0.650321, 0.471817, 0
6.22, -1.2, -25, -13.0553, -4.54704, 10.0521, 0.143965, -0.899384, 0.123011, 0
5.8, 1.2, -4.31829, 20.9521, 6.64313, -0.0235047, 0, 1.02436, 3.54271, 1
5.9, 0.793862, 12.9437, 13.954, 6.82012, 1.82577, 0.103517, 0.92756, 3.64348, 0
5.9, 1.2, 12.9437, 13.954, 6.82012, 1.82577, 0.103517, 0.92756, 3.64348, 2
6, -1.11105, -14.7003, 25, 2.36032, 11.8966, 0.11275, 1.1788, 0.5, 0
6.11, -1.2, -25, 24.5922, -2.49248, 19.3702, 0.0175812, -1.17997, 0.495114, 0
6.32, 1.2, 25, -24.0676, -4.39322, 21.8318, -0.221044, 0.231272, 0.00698883, 0
5.9, 1.2, 15.8393, 22.5215, 8.59214, 0.0427676, 0, 0.92756, 3.64348, 1
6, -1.11105, -16.6756, 30.3947, 8.26187, 2.71287, 0.0526378, -0.292453, 3.68818, 0
6, 1.2, -16.6756, 30.3947, 8.26187, 2.71287, 0.0526378, -0.292453, 3.68818, 2
6.1, -1.2, 6.09262, 19.4822, 4.83325, 9.63014, 0.0435148, -0.0867446, 0.5, 0
6.21, -0.234003, -25, 25, -1.59248, 15.2522, -0.0891464, -1.11469, 0.5, 0
6.42, -0.967564, -25, 25, -22.6073, 35.4912, -0.205, -0.417499, 0.364204, 0
6, 1.2, 21.8322, -5.88135, 10.0146, 0.0616806, 0, -0.292453, 3.68818, 1
6.1, -1.2, 19.5397, -17.4068, 12.5135, -2.13543, 0.00606844, -0.446084, 3.73618, 0
6.1, -1.2, 19.5397, -17.4068, 12.5135, -2.13543, 0.00606844, -0.446084, 3.73618, 2
6.2, 1.2, -25, 25, -3.02276, 7.81281, -0.0653604, 0.735158, 0.5, 0
6.31, 1.1119, -25, 25, -16.2073, 17.1143, 0.320813, 1.2, 0.37036, 0
6.52, -0.440386, -25, 25, -31.1269, 31.4752, 0.255233, -0.0899049, 0.362812, 0
6.1, -1.2, 21.6347, 3.6232, 8.90934, 0.0783822, 0, -0.446084, 3.73618, 1
6.2, 1.2, 15.1519, -3.55104, 11.2707, 0.900881, -0.0329207, 0.38735, 3.78418, 0
6.2, -1.18087, 15.1519, -3.55104, 11.2707, 0.900881, -0.0329207, 0.38735, 3.78418, 2
6.3, 1.0655, -23.874, 25, 8.08472, 7.70858, -0.105025, -1.13552, 0.5, 0
6.41, 1.14253, -25, 25, 0.263085, 20.4775, -0.0797508, 1.2, 0.5, 0
6.62, -1.2, -25, 25, -14.2626, 41.9295, 0.0809899, -0.455731, 0.5, 0
6.2, -1.18087, 24.2549, 20.7308, 10.4711, 0.0616806, 0, 0.38735, 3.78418, 1
6.3, 1.0655, 25.0806, -15.1954, 12.7568, 0.422435, -0.0052201, 0.373468, 3.82657, 0
6.3, 1.19943, 25.0806, -15.1954, 12.7568, 0.422435, -0.0052201, 0.373468, 3.82657, 2
6.4, 0.7382, -25, 25, 8.60697, 1.90542, 0.276846, 1.10114, 0.5, 0
6.51, 0.298418, -25, 25, -0.531134, 6.20909, 0.30263, 0.306701, 0.5, 0
6.72, 0.239818, -25, 25, -8.70708, 14.8847, 0.298274, 0.396209, 0, 0
6.3, 1.19943, 21.2278, -5.66515, 11.6803, 0.042377, 0, 0.373468, 3.82657, 1
6.4, 0.7382, 18.9606, 3.10929, 13.712, -0.686779, 0.0784451, 0.840209, 3.9222, 0
6.4, 0.190606, 18.9606, 3.10929, 13.712, -0.686779, 0.0784451, 0.840209, 3.9222, 2
6.5, 0.731629, -21.7903, 8.93938, 6.36666, -0.501566, 0.332852, -0.10696, 0.488658, 0
6.61, 1.2, -25, -12.5224, -4.3661, -1.45343, 0.346833, 1.2, 0.49197, 0
6.82, -1.14707, -25, -5.5171, -29.3312, 1.91051, 0.38, -0.828583, 0.5, 0
6.4, 0.190606, 19.8798, -6.94584, 9.92732, 0.107243, 0, 0.840209, 3.9222, 1
6.5, 0.731629, 16.2226, -19.9792, 11.9285, -1.75189, 0.05613, 0.586582, 3.9459, 0
6.5, 1.2, 16.2226, -19.9792, 11.9285, -1.75189, 0.05613, 0.586582, 3.9459, 2
6.6, 1.05162, -24.8132, 25, -0.749639, 2.59124, 0.0802591, 1.12838, 0.411499, 0
6.71, 0.24568, 24.7257, -25, -0.960721, -0.640809, 0.3553, 1.2, 0.489664, 0
6.92, 1.2, 23.7272, -25, 26.4729, -30.3216, 0.38, 0.0308215, 0.5, 0
6.5, 1.2, 25.8419, -20.29, 9.20597, 0.132824, 0, 0.586582, 3.9459, 1
6.6, 1.05162, 16.3096, -31.0397, 12.4044, -3.16662, 0.0940079, 1.05678, 4.07283, 0
6.6, 1.2, 16.3096, -31.0397, 12.4044, -3.16662, 0.0940079, 1.05678, 4.07283, 2
6.7, 1.2, -10.7649, 3.92282, 16.206, -9.50086, 0.38, 1.2, 0.338982, 0
6.81, 1.2, 25, -24.9638, 18.0946, -6.8045, 0.38, 1.2, 0.5, 0
7.02, -1.2, 25, 25, 46.3808, 25.8549, 0.38, 1.2, 0.5, 0
6.6, 1.2, 37.8647, 29.4727, 8.64601, 0.205505, 0, 1.05678, 4.07283, 1
6.7, 1.2, 13.7039, 40.4451, 8.98718, 4.53069, 0.114793, 1.18861, 4.21683, 0
6.7, -1.11211, 13.7039, 40.4451, 8.98718, 4.53069, 0.114793, 1.18861, 4.21683, 2
6.8, -1.2, 25, -25, 18.9138, -2.68957, 0.301075, -1.2, 0.5, 0
6.91, 1.2, 25, -25, 29.4997, -14.463, 0.38, 1.2, 0.333793, 0
7.12, 1.2, 24.944, -24.9279, 38.9099, -26.3096, 0.38, 1.2, 0.5, 0
7.33, 1.2, 25, -16.2802, 47.5513, -36.8227, 0.38, 1.2, 0, 0
6.7, -1.11211, -6.92629, 22.5694, 11.6782, 0.281875, 0, 1.18861, 4.21683, 1
6.8, -1.2, 31.8737, 1.60178, 13.5323, 2.5552, -0.029745, -0.985072, 4.35054, 0
6.8, 0.107398, 31.8737, 1.60178, 13.5323, 2.5552, -0.029745, -0.985072, 4.35054, 2
6.9, 1.2, 25, -25, 20.1861, -1.47339, -0.190732, 0.426096, 0.5, 0
7.01, 0.519933, 25, -25, 32.7098, -14.4494, -0.125313, 1.19924, 0.5, 0
7.22, -0.602307, 25, -25, 49.9311, -31.7287, -0.0509172, -0.99034, 0.494411, 0
6.8, 0.107398, 12.5958, 25.343, 14.3554, 0.208913, 0, -0.985072, 4.35054, 1
6.9, 1.2, 14.2495, 23.1933, 14.5014, 3.07623, -0.00181704, 0.715863, 4.40322, 0
6.9, -0.279268, 14.2495, 23.1933, 14.5014, 3.07623, -0.00181704, 0.715863, 4.40322, 2
7, -1.15543, 25, -25, 22.966, -3.93684, -2.94455e-005, -1.12177, 0.5, 0
7.11, -1.00039, 25, -25, 30.998, -11.3336, -0.190871, -1.14736, 0.5, 0
7.32, -1.2, 25, -25, 40.4377, -22.4415, -0.378156, -1.17944, 0.5, 0
6.9, -0.279268, 35.4594, -14.8353, 15.6353, 0.242912, 0, 0.715863, 4.40322, 1
7, -1.15543, 26.9668, -20.2813, 19.1147, -2.64783, -0.0135281, -0.75773, 4.46108, 0
7, -0.171883, 26.9668, -20.2813, 19.1147, -2.64783, -0.0135281, -0.75773, 4.46108, 2
7.1, -0.596101, 25, -25, 26.7541, -10.9976, -0.230294, -0.52794, 0.5, 0
7.21, -0.690684, 25, -24.9938, 31.4895, -16.0113, -0.264285, -0.679564, 0.488151, 0
7.42, -0.0868443, 25, -24.9971, 37.3868, -21.8621, -0.188091, -0.275558, 0.5, 0
7, -0.171883, 17.1826, 22.3875, 15.846, 0.203356, 0, -0.75773, 4.46108, 1
7.1, -0.596101, -0.388899, 16.1701, 17.005, 2.28018, -0.0490356, -0.488452, 4.47732, 0
7.1, 0.784137, -0.388899, 16.1701, 17.005, 2.28018, -0.0490356, -0.488452, 4.47732, 2
7.2, -0.611854, 25, -25, 24.6371, -11.5566, -0.323044, -0.415378, 0.5, 0
7.31, -0.533894, 23.9985, -25, 28.2519, -17.1517, -0.355063, -1.07365, 0.5, 0
7.52, 1.2, 25, -25, 33.267, -23.0048, -0.198079, 1.01333, 0.446199, 0
7.1, 0.784137, -11.1128, 25.5283, 18.2925, 0.181871, 0, -0.488452, 4.47732, 1
7.2, -0.611854, 25.5748, 35.114, 18.7083, 2.7049, -0.00256256, -0.205497, 4.4943, 0
7.2, 1.19822, 25.5748, 35.114, 18.7083, 2.7049, -0.00256256, -0.205497, 4.4943, 2
7.3, 0.671765, 25, -25, 17.1599, -1.28106, 0.355444, 0.927556, 0.5, 0
7.41, 1.12391, 14.3696, -25, 21.8715, -11.1657, 0.353605, 1.09899, 0.3287, 0
7.62, -1.2, 25, 0.856937, 12.3815, -40.6711, 0.309429, -1.17144, 0.439789, 0
7.2, 1.19822, 20.7493, 29.4738, 20.5723, 0.197068, 0, -0.205497, 4.4943, 1
7.3, 0.671765, 28.7638, 17.8031, 21.2753, 3.64404, 0.0556963, 0.751542, 4.58403, 0
7.3, -1.2, 28.7638, 17.8031, 21.2753, 3.64404, 0.0556963, 0.751542, 4.58403, 2
7.4, 0.759401, 25, -25, 26.4907, -0.109923, 0.0354161, -0.957215, 0.5, 0
7.51, -0.305797, 25, -25, 30.9901, -4.99713, 0.0368287, 0.275498, 0.5, 0
7.72, 1.19959, 25, -25, 37.8898, -12.5326, 0.206537, 0.734415, 0.490074, 0
7.93, 0.925156, -25, 24.0758, 36.6723, -10.319, 0.37936, 1.18881, 0.5, 0
7.3, -1.2, 29.4086, 17.5168, 23.3139, 0.260235, 0, 0.751542, 4.58403, 1
7.4, 0.759401, 27.5659, -0.57909, 26.412, -0.167893, -0.000330602, 0.202192, 4.62088, 0
7.4, 1.2, 27.5659, -0.57909, 26.412, -0.167893, -0.000330602, 0.202192, 4.62088, 2
7.5, 0.808948, 25, -25, 23.7839, -7.31997, -0.0143058, 1.2, 0.5, 0
7.61, 1.2, 15.8808, -24.9983, 45.9128, -29.9851, 0.372108, 0.961198, 0.5, 0
7.82, -1.2, 22.116, -25, 72.8343, -58.7172, 0.0515317, -1.2, 0, 0
7.4, 1.2, 28.9841, -21.1888, 22.5417, 0.23258, 0, 0.202192, 4.62088, 1
7.5, 0.808948, 25.4243, -31.9009, 25.7597, -3.47446, 0.0739988, 0.871775, 4.72305, 0
7.5, 1.2, 25.4243, -31.9009, 25.7597, -3.47446, 0.0739988, 0.871775, 4.72305, 2
7.6, -0.152786, 25, -25, 50.7907, -18.5992, -0.264077, 0.506052, 0.377208, 0
7.71, -1.2, 18.1692, 0.804523, 73.6466, -25.6485, -0.200566, -1.15988, 0.301569, 0
7.92, -1.2, -0.944514, -4.02323, 96.5677, -17.093, -0.239673, -1.19891, 0.301813, 0
7.5, 1.2, 24.9854, 16.6396, 22.6814, 0.299227, 0, 0.871775, 4.72305, 1
7.6, -0.152786, 13.7142, -2.53303, 24.4045, 0.726381, 0.0744337, 0.312966, 4.76572, 0
7.6, 1.2, 13.7142, -2.53303, 24.4045, 0.726381, 0.0744337, 0.312966, 4.76572, 2
7.7, -0.073449, 25, -24.3371, 42.3743, -18.1019, 0.0280398, 1.2, 0.432194, 0
7.81, -1.08383, 25, -25, 62.0756, -34.1318, -0.0431911, -1.19007, 0.5, 0
8.02, 0.594884, 25, -25, 81.8996, -48.6899, -0.38, -1.2, 0.5, 0
7.6, 1.2, 26.4962, 23.2736, 24.7982, 0.341964, 0, 0.312966, 4.76572, 1
7.7, -0.073449, 9.03037, 39.9093, 27.3056, 2.52884, 0.0560886, 0.319016, 4.81096, 0
7.7, -1.2, 9.03037, 39.9093, 27.3056, 2.52884, 0.0560886, 0.319016, 4.81096, 2
7.8, 0.475604, 25, -12.1022, 36.9469, -0.849176, 0.12402, -1.2, 0.5, 0
7.91, 1.19393, 25, -25, 46.9314, -9.40477, 0.126348, 1.2, 0.5, 0
8.12, 0.392324, 25, -25, 56.6568, -19.0279, 0.346279, 0.621296, 0.5, 0
8.33, -0.630902, 25, -25, 72.1823, -34.3895, 0.358797, -0.502078, 0.5, 0
7.7, -1.2, 16.2292, 1.1007, 26.1497, 0.386674, 0, 0.319016, 4.81096, 1
7.8, 0.475604, 3.03854, 23.3568, 27.2916, 1.72198, -0.0231123, -0.0128184, 4.84748, 0
7.8, 1.2, 3.03854, 23.3568, 27.2916, 1.72198, -0.0231123, -0.0128184, 4.84748, 2
7.9, -0.745293, 25, -16.9101, 39.393, -4.12129, -0.0668851, 1.2, 0.5, 0
8.01, -1.09821, 25, -25, 50.6926, -13.0542, -0.0431416, -1.18476, 0.5, 0
8.22, 1.2, 25, -25, 66.7454, -27.0891, -0.0864779, 0.873672, 0.5, 0
8.43, -1.2, 25, -25, 83.7731, -42.2838, -0.0232384, -0.271391, 0.5, 0
7.8, 1.2, 19.2637, -12.8795, 25.4688, 0.351963, 0, -0.0128184, 4.84748, 1
7.9, -0.745293, 17.3675, 5.84602, 26.9786, -0.157224, 0.0275403, -0.134464, 4.88418, 0
7.9, 1.2, 17.3675, 5.84602, 26.9786, -0.157224, 0.0275403, -0.134464, 4.88418, 2
8, -1.2, 25, -12.0027, 46.7853, -12.8501, 0.0117908, 1.2, 0.5, 0
8.11, 1.2, 25, -25, 58.5332, -21.7771, 0.0199807, -1.2, 0.5, 0
8.32, -1.2, 25, -25, 73.1712, -35.0978, 0.0241257, 1.2, 0.5, 0
7.9, 1.2, 20.9971, 12.079, 25.2108, 0.379969, 0, -0.134464, 4.88418, 1
8, -1.2, 10.0918, 25.4722, 27.0401, 1.81488, 0.0118127, -0.43352, 4.93218, 0
8, -1.2, 10.0918, 25.4722, 27.0401, 1.81488, 0.0118127, -0.43352, 4.93218, 2
8.1, 1.16381, 25, -7.80994, 46.5207, -8.65506, 0.226108, -0.150298, 0.5, 0
8.21, -1.2, 25, -25, 61.2074, -20.5012, 0.237973, 1.2, 0.5, 0
8.42, 1.2, 6.79738, -24.9772, 68.1346, -25.8781, 0.241801, 0.228878, 0.5, 0
