0, -1.19865, 0, 0, 3.14159, 3.14159, 0, 0, 0, 1
0.08, -0.58788, -3.33555, -0.761292, 2.85907, 3.15533, -0.0441474, -0.691492, 0.0663209, 0
0.08, -0.190187, -3.33555, -0.761292, 2.85907, 3.15533, -0.0441474, -0.691492, 0.0663209, 2
0.18, -1.03903, 1.53592, -3.73199, 2.76909, 2.93066, -0.109001, -0.60559, 0.122109, 0
0.29, 0.922065, 5.93356, -1.67051, 3.17991, 2.63352, -0.14059, 0.031253, 0.228248, 0
0.5, 0.0679998, 12.2855, 6.86177, 5.09291, 3.17861, -0.0632564, 0.705258, 0.318004, 0
0.71, 0.216048, -0.951473, 3.90186, 6.28298, 4.30879, -0.00109902, -0.113283, 0.323391, 0
0.1, -0.190187, -1.96437, -1.5059, 3.13259, -0.0573028, 0, -0.691492, 0.0663209, 1
0.18, -0.869264, -1.7682, -2.01786, 3.05096, -0.183925, -0.0442397, -0.64436, 0.0918439, 0
0.18, -1.2, -1.7682, -2.01786, 3.05096, -0.183925, -0.0442397, -0.64436, 0.0918439, 2
0.28, -1.2, -5.08846, -1.81494, 2.67173, -0.303786, -0.137816, -1.2, 0.248921, 0
0.39, -0.989606, 2.38226, 1.63826, 2.5159, -0.301868, -0.275002, -1.15837, 0.392967, 0
0.6, 0.416976, 11.1291, 11.9707, 3.93016, 1.13249, -0.38, 0.0852944, 0.5, 0
0.81, -0.503788, 15.7514, -0.0998748, 6.75259, 2.37893, -0.376335, -0.101754, 0.499595, 0
1.02, 0.350321, -22.3671, 20.5048, 6.05796, 4.52144, -0.38, -0.0793083, 0.343414, 0
0.2, -1.2, -1.03873, -4.94446, 2.7971, -0.0905103, 0, -0.64436, 0.0918439, 1
0.28, -1.2, -1.28894, -3.86466, 2.66419, -0.436742, -0.0769483, -1.12668, 0.207044, 0
0.28, -1.2, -1.28894, -3.86466, 2.66419, -0.436742, -0.0769483, -1.12668, 0.207044, 2
0.38, -0.486759, 3.33803, -4.00198, 2.75383, -0.802076, -0.172577, -0.808274, 0.265882, 0
0.49, -1.2, 6.74283, -8.96981, 3.30924, -1.51243, -0.263311, -0.846078, 0.343521, 0
0.7, 0.303412, -0.833413, -5.45335, 3.932, -3.0261, -0.38, -0.267752, 0.481631, 0
0.91, 0.865625, -23.1997, 25, 1.40609, -0.970242, -0.30616, 0.970796, 0.5, 0
0.3, -1.2, 0, 0, 0, 0, 0, -1.12668, 0.207044, 1
0.38, -0.629407, -2.08171, 0.441633, -0.0505564, 0.00962304, -0.0835409, -0.864288, 0.276149, 0
0.38, -1.2, -2.08171, 0.441633, -0.0505564, 0.00962304, -0.0835409, -0.864288, 0.276149, 2
0.48, -1.12728, 6.52808, -3.45087, 0.68713, -0.335177, -0.18403, -1.2, 0.303826, 0
0.59, 1.2, 8.13355, -7.95172, 1.65529, -0.997592, -0.239249, 0.231117, 0.395799, 0
0.8, 0.850517, 25, -25, 5.30393, -4.61111, -0.0695453, 1.13144, 0.5, 0
0.4, -1.2, 6.69178, -1.73469, -0.103957, -0.0586373, 0, -0.864288, 0.276149, 1
0.48, -1.14182, 9.06072, -1.2871, 0.54407, -0.199362, -0.0834751, -1.12246, 0.385854, 0
0.48, -0.596979, 9.06072, -1.2871, 0.54407, -0.199362, -0.0834751, -1.12246, 0.385854, 2
0.58, 0.903823, 9.71432, -1.3473, 1.48282, -0.331082, -0.124443, 0.303106, 0.444518, 0
0.69, 0.256177, 11.6958, -0.79183, 2.66038, -0.448734, -0.0733741, 0.625416, 0.493057, 0
0.9, -0.0223287, 8.02696, -5.68742, 4.73128, -1.12906, -0.0196302, -0.113569, 0.5, 0
0.5, -0.596979, 12.2909, 8.362, 0.152038, -0.133199, 0, -1.12246, 0.385854, 1
0.58, 0.603662, 5.05667, 11.0403, 0.787436, 0.681427, -0.0448492, 0.0197304, 0.395465, 0
0.58, -1.2, 5.05667, 11.0403, 0.787436, 0.681427, -0.0448492, 0.0197304, 0.395465, 2
0.68, 1.2, 24.9861, -12.9007, 3.10981, -0.267627, -0.0431366, -0.114715, 0.477988, 0
0.79, -1.18788, 25, -3.88371, 5.82316, -1.16378, -0.0991879, -0.9044, 0.5, 0
1, 1.2, -4.73481, 20.0408, 7.95853, 0.526492, -0.24605, -0.494287, 0.5, 0
0.6, -1.2, 1.78955, 20.8576, 1.65226, -0.133879, 0, 0.0197304, 0.395465, 1
0.68, 0.72, -5.62914, 25.4852, 0.922587, 2.00233, -0.0207131, 0.0580365, 0.424649, 0
0.68, -1.16149, -5.62914, 25.4852, 0.922587, 2.00233, -0.0207131, 0.0580365, 0.424649, 2
0.78, -1.2, 25, -25, 3.7408, 0.635019, -0.134548, -1.19366, 0.377622, 0
0.89, 0.225491, -25, 19.0764, 5.17974, -1.30306, -0.33249, -1.0947, 0.314351, 0
1.1, -1.2, -25, 25, -1.20749, 5.48098, -0.38, -0.615508, 0.195743, 0
0.7, -1.16149, 21.1113, 10.6734, 3.80012, -0.150581, 0, 0.0580365, 0.424649, 1
0.78, -1.1923, 11.532, -0.53139, 4.99669, 0.159441, -0.051641, -1.01817, 0.535462, 0
0.78, -1.2, 11.532, -0.53139, 4.99669, 0.159441, -0.051641, -1.01817, 0.535462, 2
0.88, -1.2, 14.0558, -16.7292, 4.45092, 0.592293, -0.0984894, -0.931995, 0.359034, 0
0.99, -0.102291, -21.623, 15.2952, 5.34625, -1.34257, -0.218763, -0.409477, 0.422579, 0
1.2, 0.862005, -25, 21.9558, -9.66444, 3.0374, 0.0624945, 1.2, 0.408788, 0
0.8, -1.2, 13.9963, 6.67724, 3.84187, -0.225457, 0, -1.01817, 0.535462, 1
0.88, -1.2, 7.19529, -1.23239, 4.66062, -0.0779643, -0.0897655, -1.17601, 0.650662, 0
0.88, -1.2, 7.19529, -1.23239, 4.66062, -0.0779643, -0.0897655, -1.17601, 0.650662, 2
0.98, 0.738718, -4.27848, -3.7191, 5.18927, 0.774457, -0.139588, -0.22582, 0.437349, 0
1.09, -1.2, -21.2245, 9.63383, 3.4252, 1.46553, -0.166057, -0.25918, 0.363884, 0
1.3, 1.2, -25, -19.876, -1.35887, 0.312125, -0.189503, 0.0339299, 0.372185, 0
0.9, -1.2, 7.09226, 10.5718, 4.72506, -0.301826, 0, -1.17601, 0.650662, 1
0.98, 0.350975, 4.7328, 4.22201, 5.26422, 0.288923, -0.0681444, -0.310605, 0.681115, 0
0.98, -1.16602, 4.7328, 4.22201, 5.26422, 0.288923, -0.0681444, -0.310605, 0.681115, 2
1.08, 0.652294, -0.591822, 6.86396, 5.4711, 0.990025, -0.0969634, -0.265792, 0.5, 0
1.19, 0.337619, -11.3375, 3.89304, 4.76296, 1.63113, -0.0762084, 0.64286, 0.5, 0
1.4, -1.2, -25, 25, 0.928419, 4.68577, -0.105014, -0.917384, 0.415901, 0
1, -1.16602, -1.23016, 11.2303, 5.8195, -0.329996, 0, -0.310605, 0.681115, 1
1.08, 0.288631, 0.0416337, 10.1071, 5.84596, 0.52749, -0.0385972, -0.221958, 0.710618, 0
1.08, 0.00800071, 0.0416337, 10.1071, 5.84596, 0.52749, -0.0385972, -0.221958, 0.710618, 2
1.18, 0.00300108, 4.95705, 11.8841, 6.09696, 1.62777, -0.0479332, 0.0538923, 0.5, 0
1.29, -0.0546568, 18.9377, -1.03811, 7.41191, 2.22447, -0.0476779, -0.0405695, 0.423134, 0
1.5, 1.0127, 24.1296, 14.7621, 11.9339, 3.66559, 0.022616, 0.712921, 0.389162, 0
1.1, 0.00800071, -1.49746, 11.8772, 7.00307, -0.358997, 0, -0.221958, 0.710618, 1
1.18, 0.00400101, -3.9971, 13.0494, 6.71367, 0.644746, -0.00731445, -0.0246282, 0.710621, 0
1.18, -0.695242, -3.9971, 13.0494, 6.71367, 0.644746, -0.00731445, -0.0246282, 0.710621, 2
1.28, -1.2, 15.1665, 0.248927, 7.27392, 1.31674, -0.108558, -1.2, 0.5, 0
1.39, 0.67282, 19.5119, 14.9085, 9.18113, 2.15144, -0.243956, -0.535334, 0.5, 0
1.6, -0.671641, -22.487, 14.1569, 8.83821, 5.21152, -0.282622, 0.155418, 0.5, 0
1.2, -0.695242, 0, 0, 0, 0, 0, -0.0246282, 0.710621, 1
1.28, -1.09905, 6.7809, -1.3996, 0.298763, -0.0596777, -0.0396636, -0.837489, 0.776098, 0
1.28, -1.15087, 6.7809, -1.3996, 0.298763, -0.0596777, -0.0396636, -0.837489, 0.776098, 2
1.38, 1.2, 12.7228, -1.9441, 1.46996, -0.709541, -0.0281527, 0.12718, 0.5, 0
1.49, -1.2, 25, -25, 3.61602, -2.4407, -0.00766089, -0.105182, 0.452057, 0
1.7, 1.2, -23.7226, 22.7026, 3.94677, -2.96272, -0.000690119, 0.046415, 0.494627, 0
1.3, -1.15087, 0, 0, 0, 0, 0, -0.837489, 0.776098, 1
1.38, 0.729826, -6.14485, 1.11405, -0.138616, 0.0241089, -0.0485446, -0.0348873, 0.803224, 0
1.38, -1.2, -6.14485, 1.11405, -0.138616, 0.0241089, -0.0485446, -0.0348873, 0.803224, 2
1.48, -0.355547, 25, -21.6652, 2.00543, -1.89103, -0.0777081, -0.93785, 0.5, 0
1.59, -1.06173, 24.6411, -23.1956, 4.65116, -4.22927, -0.169429, -0.743774, 0.497829, 0
1.8, -1.19885, -24.9487, 25, 4.61179, -3.89536, -0.38, -1.2, 0.5, 0
1.4, -1.2, 0, 0, 0, 0, 0, -0.0348873, 0.803224, 1
1.48, -0.524437, 5.81391, -1.51322, 0.334742, -0.0696236, -0.0442759, -0.660244, 0.86574, 0
1.48, -1.2, 5.81391, -1.51322, 0.334742, -0.0696236, -0.0442759, -0.660244, 0.86574, 2
1.58, 1.2, 23.8864, -16.3219, 2.54261, -1.52863, -0.0676864, -0.0158884, 0.5, 0
1.69, 0.76208, 25, -23.8851, 5.10478, -3.62931, -0.00563282, 1.11153, 0.5, 0
1.9, -0.645437, 11.8039, -14.5164, 8.96922, -7.66147, 0.071076, -0.41349, 0.5, 0
1.5, -1.2, 0, 0, 0, 0, 0, -0.660244, 0.86574, 1
1.58, 0.72, -4.56755, 0.692359, -0.059277, 0.00577959, -0.044028, -0.0316876, 0.894924, 0
1.58, -1.2, -4.56755, 0.692359, -0.059277, 0.00577959, -0.044028, -0.0316876, 0.894924, 2
1.68, 0.330119, 25, -20.2656, 2.08302, -1.7402, -0.0486025, -0.538557, 0.5, 0
1.79, 1.08396, 17.7427, -23.5531, 4.43246, -4.12049, 0.0651528, 1.10336, 0.5, 0
2, -1.2, -25, 16.8192, 3.66859, -4.82533, 0.268696, -0.589637, 0.499938, 0
1.6, -1.2, 0, 0, 0, 0, 0, -0.0316876, 0.894924, 1
1.68, 0.0240953, 3.69332, -1.45568, 0.26774, -0.06301, -0.0346055, -0.346389, 0.932568, 0
1.68, 1.2, 3.69332, -1.45568, 0.26774, -0.06301, -0.0346055, -0.346389, 0.932568, 2
1.78, -0.216569, -11.2053, -1.09631, -0.530721, 1.35593, -0.0668385, 0.780255, 0.5, 0
1.89, -0.87715, -25, 25, -2.92395, 3.13808, -0.0924817, -0.731358, 0.449103, 0
2.1, -1.11212, -25, 25, -9.96682, 9.05626, -0.38, -1.2, 0.5, 0
1.7, 1.2, 0, 0, 0, 0, 0, -0.346389, 0.932568, 1
1.78, 0.0667446, -6.47376, 1.54375, -0.406918, 0.0788883, 0.0232253, 0.348407, 0.973223, 0
1.78, 0.801353, -6.47376, 1.54375, -0.406918, 0.0788883, 0.0232253, 0.348407, 0.973223, 2
1.88, -1.2, -16.722, -5.48549, -1.8669, 0.086807, 0.0304848, -0.244707, 0.5, 0
1.99, 0.942276, -25, 9.77969, -4.47548, 0.454047, 0.0107806, -0.119293, 0.492673, 0
2.2, -0.72836, -15.2587, 25, -8.73073, 4.08049, 0.0210031, 0.214807, 0.5, 0
1.8, 0.801353, 0, 0, 0, 0, 0, 0.348407, 0.973223, 1
1.88, -0.799729, 3.79, -0.575525, 0.0483845, -0.00459408, 0.0206714, -0.173274, 0.990313, 0
1.88, 1.2, 3.79, -0.575525, 0.0483845, -0.00459408, 0.0206714, -0.173274, 0.990313, 2
1.98, 0.644503, -10.685, 4.39816, -0.580839, 1.00459, 0.0678675, 1.1106, 0.5, 0
2.09, -1.2, 25, -25, -0.0467062, 0.227927, 0.10176, -0.494372, 0.5, 0
2.3, 0.489605, 25, -25, 6.48706, -6.35805, 0.0152451, -0.329581, 0.5, 0
1.9, 1.2, 0, 0, 0, 0, 0, -0.173274, 0.990313, 1
1.98, 0.755603, -7.83348, 1.30057, -0.430489, 0.0763618, 0.0411676, 0.764864, 1.06812, 0
1.98, -1.2, -7.83348, 1.30057, -0.430489, 0.0763618, 0.0411676, 0.764864, 1.06812, 2
2.08, 1.12264, 4.14958, -24.0801, 19.4833, 5.49687, 0.275581, 0.219136, 0.5, 0
2.19, 0.921429, -23.8724, -24.2242, 31.9208, 5.04822, 0.27955, 1.18589, 0.5, 0
2.4, -1.15298, -20.0682, -25, 26.2185, -17.6731, -0.0104427, -1.2, 0.476057, 0
2, -1.2, -7.25505, 1.56662, 0.102753, 0.0625591, 0, 0.764864, 1.06812, 1
2.08, 0.658116, -3.08921, 1.59164, -0.0665366, 0.140693, 0.00375737, 0.120998, 1.09701, 0
2.08, -1.2, -3.08921, 1.59164, -0.0665366, 0.140693, 0.00375737, 0.120998, 1.09701, 2
2.18, 0.232054, 12.3864, -6.25842, 1.04666, -0.750582, -0.0325955, -0.739904, 0.5, 0
2.29, 0.565515, 25, -25, 3.421, -2.70931, -0.0408773, 0.582367, 0.435233, 0
2.5, 1.2, 24.6961, -25, 9.88566, -9.12689, 0.147134, 1.19892, 0.293812, 0
2.1, -1.2, 0, 0, 0, 0, 0, 0.120998, 1.09701, 1
2.18, -0.0543569, 5.03991, -1.57762, 0.33039, -0.071589, -0.0307376, -0.37107, 1.13723, 0
2.18, -1.2, 5.03991, -1.57762, 0.33039, -0.071589, -0.0307376, -0.37107, 1.13723, 2
2.28, 0.983938, 24.0868, -15.8032, 2.4471, -1.56366, -0.0521037, -0.234647, 0.5, 0
2.39, 1.04474, 22.9795, -22.1509, 5.0148, -3.64002, 0.00213985, 1.19352, 0.5, 0
2.6, -1.2, 3.34846, -15.2749, 7.78367, -7.64245, 0.0578869, -0.689971, 0.321142, 0
2.2, -1.2, 0, 0, 0, 0, 0, -0.37107, 1.13723, 1
2.28, 0.54715, -1.32442, -0.30471, 0.0740721, -0.0255907, -0.0371255, -0.0922972, 1.1661, 0
2.28, -0.129613, -1.32442, -0.30471, 0.0740721, -0.0255907, -0.0371255, -0.0922972, 1.1661, 2
2.38, -0.428022, -25, 25, -7.88397, 8.76659, -0.248019, -0.178642, 0, 0
2.49, 0.361638, -23.3293, 24.8224, -12.8154, 14.0115, -0.156118, -0.0171594, 0, 0
2.7, -1.16503, 25, -23.1886, -5.10779, 10.5577, -0.0142659, 0.989914, 0, 0
2.3, -0.129613, 0, 0, 0, 0, 0, -0.0922972, 1.1661, 1
2.38, -0.36834, 1.43622, -0.368675, 0.046862, -0.0101934, -0.0132505, -0.261098, 1.17144, 0
2.38, -1.09195, 1.43622, -0.368675, 0.046862, -0.0101934, -0.0132505, -0.261098, 1.17144, 2
2.48, 0.473224, 14.0291, 2.93406, 3.49575, 9.90519, -0.0286749, 0.375278, 0.5, 0
2.59, -0.361282, 25, -14.4602, 20.9338, 21.0399, 0.00234231, 0.273621, 0.131087, 0
2.8, -0.866003, -5.54755, 23.0882, 34.3895, 27.4772, -0.158393, -1.2, 0.297721, 0
2.4, -1.09195, 0, 0, 0, 0, 0, -0.261098, 1.17144, 1
2.48, 0.160188, 1.00115, -0.832798, 0.141821, -0.0387681, -0.0370436, -0.266845, 1.19926, 0
2.48, -0.992325, 1.00115, -0.832798, 0.141821, -0.0387681, -0.0370436, -0.266845, 1.19926, 2
2.58, -0.152955, 10.5379, -3.71188, 0.865684, -0.242256, -0.0761256, -0.568184, 0.5, 0
2.69, 1.19962, 18.8514, -3.04684, 2.57266, -0.61723, -0.0631526, 0.797307, 0.497941, 0
2.9, 1.05717, 25, 21.7118, 7.77521, 1.38546, 0.27438, 1.2, 0.488081, 0
2.5, -0.992325, 0, 0, 0, 0, 0, -0.266845, 1.19926, 1
2.58, -0.320829, 2.77218, -1.08978, 0.180277, -0.0441614, -0.0428069, -0.512903, 1.23675, 0
2.58, -0.329497, 2.77218, -1.08978, 0.180277, -0.0441614, -0.0428069, -0.512903, 1.23675, 2
2.68, 0.0930482, 2.03848, -4.47913, 0.457492, -0.720491, -0.0801444, -0.107645, 0.5, 0
2.79, 1.2, -3.34591, -7.64024, 0.239673, -1.28319, -0.0369137, 0.816278, 0.47597, 0
3, 1.2, 10.6569, -14.9481, 1.03075, -3.67334, 0.207475, 1.2, 0.156056, 0
2.6, -0.329497, 0, 0, 0, 0, 0, -0.512903, 1.23675, 1
2.68, 0.00853917, -3.07489, 0.821328, -0.11519, 0.0256202, -0.0267565, -0.160543, 1.23957, 0
2.68, -0.931745, -3.07489, 0.821328, -0.11519, 0.0256202, -0.0267565, -0.160543, 1.23957, 2
2.78, -0.743816, 4.94273, -2.0436, -0.0253637, -0.710163, -0.0752852, -0.911242, 0.5, 0
2.89, -1.09052, 25, -25, 1.84619, -2.38883, -0.184075, -0.963049, 0.5, 0
3.1, 1.2, 23.6857, -14.2698, 7.01578, -6.52392, -0.172444, 0.745381, 0.467916, 0
2.7, -0.931745, 0, 0, 0, 0, 0, -0.160543, 1.23957, 1
2.78, -0.781402, 5.28298, -1.39305, 0.264147, -0.0570951, -0.0454763, -0.744077, 1.29842, 0
2.78, -1.2, 5.28298, -1.39305, 0.264147, -0.0570951, -0.0454763, -0.744077, 1.29842, 2
2.88, 0.438317, 18.8949, -11.4404, 2.59669, -1.29611, -0.0956812, -0.446592, 0.5, 0
2.99, 0.961225, 25, -25, 5.82487, -3.75348, -0.070906, 0.897048, 0.5, 0
3.2, -1.2, 25, -25, 12.0713, -9.70372, -0.038194, -0.585505, 0.5, 0
2.8, -1.2, 0, 0, 0, 0, 0, -0.744077, 1.29842, 1
2.88, 0.110653, -2.39899, 0.246811, -0.00738801, -0.00398241, -0.0575231, -0.390931, 1.3336, 0
2.88, -0.620478, -2.39899, 0.246811, -0.00738801, -0.00398241, -0.0575231, -0.390931, 1.3336, 2
2.98, -0.0336282, 25, -25, 3.0482, -3.11493, -0.0929235, -0.343459, 0.5, 0
3.09, 0.850249, 25, -25, 6.26187, -6.40179, -0.101924, 0.529851, 0.273461, 0
3.3, 1.19506, -7.00501, -23.0459, 8.71814, -13.0832, 0.149459, 1.2, 0.379115, 0
2.9, -0.620478, 0, 0, 0, 0, 0, -0.390931, 1.3336, 1
2.98, -0.150998, -0.307303, -0.0924535, 0.0224072, -0.00744704, -0.0335847, -0.321927, 1.34698, 0
2.98, -1.2, -0.307303, -0.0924535, 0.0224072, -0.00744704, -0.0335847, -0.321927, 1.34698, 2
3.08, -0.114853, 24.9221, -25, 4.70998, -4.80485, -0.102535, -0.728928, 0.493496, 0
3.19, -1.2, 20.3791, -22.5999, 7.44841, -7.732, -0.211535, -0.760188, 0.474166, 0
3.4, 1.2, -23.9871, 22.0689, 7.01678, -7.54659, -0.290774, 0.407153, 0.5, 0
3, -1.2, 0, 0, 0, 0, 0, -0.321927, 1.34698, 1
3.08, -0.331882, 3.07161, -1.2253, 0.209919, -0.0509624, -0.0507618, -0.588093, 1.39893, 0
3.08, -1.2, 3.07161, -1.2253, 0.209919, -0.0509624, -0.0507618, -0.588093, 1.39893, 2
3.18, -0.0111887, 23.2333, -4.93607, 2.30361, -0.785842, -0.11372, -0.561296, 0.5, 0
3.29, 1.16315, 21.5778, 2.70247, 5.1238, -1.24604, -0.121998, 0.884393, 0.441675, 0
3.5, 0.727897, -23.876, 25, 4.6935, 1.86801, 0.100413, 1.2, 0.468496, 0
3.1, -1.2, 0, 0, 0, 0, 0, -0.588093, 1.39893, 1
3.18, -0.248951, 0.603009, -0.586375, 0.100756, -0.0281192, -0.0584425, -0.575827, 1.44695, 0
3.18, -0.0130766, 0.603009, -0.586375, 0.100756, -0.0281192, -0.0584425, -0.575827, 1.44695, 2
3.28, 0.677454, 22.5354, -7.59891, 3.95102, -1.38129, -0.096242, 0.803129, 0.5, 0
3.39, -1.2, -7.15033, -3.9148, 4.07202, -1.6601, -0.0283098, 0.427932, 0.440652, 0
3.6, -0.0200852, -5.27145, 25, 1.99577, -1.47409, -0.156015, 0.0887621, 0.232343, 0
3.2, -0.0130766, 0, 0, 0, 0, 0, -0.575827, 1.44695, 1
3.28, 0.539348, -6.67256, 1.3864, -0.280069, 0.05629, -0.0107131, 0.228323, 1.45453, 0
3.28, -0.682014, -6.67256, 1.3864, -0.280069, 0.05629, -0.0107131, 0.228323, 1.45453, 2
3.38, -0.0778899, 3.84484, -5.71339, 0.142553, -0.508151, -0.0733752, -0.530873, 0.5, 0
3.49, -0.935701, 25, -24.6448, 1.83152, -2.51649, -0.153861, -0.502439, 0.5, 0
3.7, 1.2, 2.29435, -25, 4.70066, -8.17335, -0.170708, 0.570056, 0.293414, 0
3.3, -0.682014, 0, 0, 0, 0, 0, 0.228323, 1.45453, 1
3.38, -0.198715, 4.89457, -1.42099, 0.270804, -0.0597674, -0.0149238, -0.285735, 1.4716, 0
3.38, -1.2, 4.89457, -1.42099, 0.270804, -0.0597674, -0.0149238, -0.285735, 1.4716, 2
3.48, 0.548892, 24.0327, -16.5491, 2.3864, -1.6401, -0.0433546, -0.396307, 0.5, 0
3.59, 1.2, 25, -3.59397, 5.0352, -2.68527, -0.00806124, 0.972907, 0.495072, 0
3.8, -0.0287415, 20.7716, 20.5039, 9.84876, -0.760179, 0.151679, 0.405825, 0.5, 0
3.4, -1.2, 0, 0, 0, 0, 0, -0.285735, 1.4716, 1
3.48, 0.199114, 1.00525, -0.895253, 0.153069, -0.0419256, -0.0402657, -0.279906, 1.50468, 0
3.48, -1.2, 1.00525, -0.895253, 0.153069, -0.0419256, -0.0402657, -0.279906, 1.50468, 2
3.58, 0.44071, 21.0343, -13.0712, 2.39591, -1.28348, -0.0696516, -0.552001, 0.5, 0
3.69, 0.950694, 25, -25, 5.73053, -3.78592, -0.0462463, 0.893453, 0.5, 0
3.9, -1.2, 25, -25, 12.0672, -9.78083, -0.000239727, -0.539385, 0.5, 0
3.5, -1.2, 0, 0, 0, 0, 0, -0.279906, 1.50468, 1
3.58, 0.112568, 1.44305, -0.984539, 0.166749, -0.0444257, -0.0415743, -0.328589, 1.53982, 0
3.58, -1.2, 1.44305, -0.984539, 0.166749, -0.0444257, -0.0415743, -0.328589, 1.53982, 2
3.68, 0.399094, 25, -19.1937, 2.28411, -1.591, -0.0844434, -0.743098, 0.5, 0
3.79, 1.17215, 24.2199, -23.9508, 4.9826, -3.91137, -0.0669019, 1.06331, 0.49304, 0
4, -0.305253, 17.3852, -23.2911, 9.78583, -8.90843, 0.0736606, 0.275685, 3.35939e-007, 0
3.6, -1.2, 0, 0, 0, 0, 0, -0.328589, 1.53982, 1
3.68, 0.0792753, 1.20447, -0.903375, 0.153217, -0.0413776, -0.0438238, -0.354036, 1.57585, 0
3.68, -0.153037, 1.20447, -0.903375, 0.153217, -0.0413776, -0.0438238, -0.354036, 1.57585, 2
3.78, 0.290261, 25, -25, 2.09054, -2.39324, -0.111021, 0.101758, 0.5, 0
3.89, 0.722719, 25, -25, 6.13464, -6.65182, -0.102905, 0.536402, 0.5, 0
4.1, -0.453922, 25, -25, 12.1544, -12.7478, -0.0876973, -0.133512, 0.367372, 0
3.7, -0.153037, 0, 0, 0, 0, 0, -0.354036, 1.57585, 1
3.78, 0.201602, -3.28764, 0.873118, -0.123972, 0.0275075, -0.0129536, 0.0230819, 1.57674, 0
3.78, -0.985603, -3.28764, 0.873118, -0.123972, 0.0275075, -0.0129536, 0.0230819, 1.57674, 2
3.88, 0.250019, 25, -25, 5.15599, -5.42971, -0.0378073, -0.495019, 0.5, 0
3.99, 0.645427, 25, -25, 9.44973, -9.52382, 0.0769365, 0.667381, 0.042359, 0
4.2, 1.2, -8.89869, 7.50221, 11.7449, -11.3732, 0.261956, 1.05311, 0, 0
3.8, -0.985603, 0, 0, 0, 0, 0, 0.0230819, 1.57674, 1
3.88, 0.00289431, 3.52229, -1.35405, 0.241216, -0.0573136, -0.0270334, -0.287676, 1.60256, 0
3.88, -1.2, 3.52229, -1.35405, 0.241216, -0.0573136, -0.0270334, -0.287676, 1.60256, 2
3.98, 1.2, 25, -10.262, 9.17562, -6.91989, -0.0157422, -0.446118, 0.5, 0
4.09, -1.19676, -3.23855, -24.1621, 10.407, -8.82813, -0.029793, 0.108746, 0.5, 0
4.3, -0.0295469, -2.13579, -21.9132, 9.8501, -13.7578, -0.0406669, -1.05295, 0.0044069, 0
3.9, -1.2, 0, 0, 0, 0, 0, -0.287676, 1.60256, 1
3.98, 0.72, -1.43632, -0.346089, 0.0819868, -0.0282886, -0.0312534, 0.0174735, 1.63175, 0
3.98, -1.04851, -1.43632, -0.346089, 0.0819868, -0.0282886, -0.0312534, 0.0174735, 1.63175, 2
4.08, -0.929438, 25, -25, 5.06563, -5.16289, -0.0875276, -1.09556, 0.5, 0
4.19, 1.0894, 25, -25, 9.48195, -9.48599, -0.121018, 0.515549, 0.5, 0
4.4, -1.1989, -23.609, 21.5799, 10.4221, -10.4863, -0.103401, -0.347769, 0.5, 0
4, -1.04851, -0.906108, -1.45424, -0.0776479, -0.0167016, 0, 0.0174735, 1.63175, 1
4.08, -0.953253, 5.7688, -2.84247, 0.18997, -0.190987, -0.0456703, -0.853423, 1.71195, 0
4.08, 1.2, 5.7688, -2.84247, 0.18997, -0.190987, -0.0456703, -0.853423, 1.71195, 2
4.18, 0.0375092, -15.9799, 0.667048, -0.947173, 0.0701333, -0.0476888, 0.840507, 0.5, 0
4.29, 0.917229, 7.81256, -24.9996, -1.54238, -1.14056, 0.0214588, 0.416721, 0.5, 0
4.5, 1.00649, 24.9911, -25, 1.95553, -6.45168, 0.191968, 1.2, 0.496571, 0
4.1, 1.2, 7.58413, -2.86345, -0.34288, -0.0804701, 0, -0.853423, 1.71195, 1
4.18, 0.270007, -2.85413, -1.12301, -0.333697, -0.226477, 0.00938301, 0.397648, 1.76093, 0
4.18, -0.21373, -2.85413, -1.12301, -0.333697, -0.226477, 0.00938301, 0.397648, 1.76093, 2
4.28, -0.026744, 25, -25, 2.34593, -3.83321, 0.104683, -0.18496, 0.5, 0
4.39, 1.18258, 25, -25, 12.982, -14.6345, 0.186488, 0.885119, 0.5, 0
4.6, -1.19846, 25, -25, 30.4807, -32.254, 0.300695, -0.209777, 0.5, 0
4.2, -0.21373, 10.8492, -1.08155, -0.706061, -0.0330019, 0, 0.397648, 1.76093, 1
4.28, -0.0641412, 12.5064, -1.39033, 0.281477, -0.199388, 0.00647173, -0.0475824, 1.76263, 0
4.28, -1.2, 12.5064, -1.39033, 0.281477, -0.199388, 0.00647173, -0.0475824, 1.76263, 2
4.38, 0.620594, 14.565, 5.55769, 1.64464, -14.6138, 0.162083, -0.00125974, 0.5, 0
4.49, 1.2, 25, -25, 8.51413, -26.746, 0.337286, 0.98982, 0.0080023, 0
4.7, 1.05993, 25, -25, 35.2247, -52.906, 0.333287, 1.19676, 0.488431, 0
4.3, -1.2, 24.0255, 14.5623, 0.0640627, -0.0419552, 0, -0.0475824, 1.76263, 1
4.38, 0.256475, 21.0525, 24.0781, 1.6196, 1.82506, -0.0311002, -0.215704, 1.79458, 0
4.38, 0.434581, 21.0525, 24.0781, 1.6196, 1.82506, -0.0311002, -0.215704, 1.79458, 2
4.48, -1.2, 25, -7.05005, 8.56448, -0.934785, -0.152166, -0.411191, 0.5, 0
4.59, 0.768818, 25, -25, 16.6811, -8.4029, -0.227263, 0.0167371, 0.5, 0
4.8, 1.2, 25, -25, 26.8633, -19.5687, 0.0154539, 1.07795, 0.087753, 0
4.4, 0.434581, 8.28368, -0.763048, 0.780049, -0.0730618, 0, -0.215704, 1.79458, 1
4.48, -0.873084, 11.6647, 4.7311, 1.54587, -0.0229301, -0.0103226, -0.398427, 1.80982, 0
4.48, 1.2, 11.6647, 4.7311, 1.54587, -0.0229301, -0.0103226, -0.398427, 1.80982, 2
4.58, -0.0970533, 25, -18.4269, 6.07615, -4.15514, -0.0148452, 0.814388, 0.5, 0
4.69, 1.2, 25, -25, 10.7695, -8.129, 0.0591907, 0.500355, 0.5, 0
4.9, -0.256457, 19.7706, -23.8326, 15.7525, -13.2714, 0.17064, 0.374616, 0.399216, 0
4.5, 1.2, 4.6291, 0.997632, 0.664589, -0.0860429, 0, -0.398427, 1.80982, 1
4.58, 0.162357, 5.97639, -2.56526, 1.01334, -0.230847, 0.0231076, 0.396174, 1.85412, 0
4.58, 1.09633, 5.97639, -2.56526, 1.01334, -0.230847, 0.0231076, 0.396174, 1.85412, 2
4.68, 1.13763, 25, -25, 8.54383, -8.00523, 0.145302, 1.11256, 0.5, 0
4.79, 1.2, 23.6792, -8.36319, 10.5893, -9.24098, 0.310755, 1.2, 0.5, 0
5, -1.2, -25, 25, 9.71158, -6.3753, 0.38, -0.189983, 0.5, 0
4.6, 1.09633, -1.27443, 2.81059, 0.737198, -0.0419202, 0, 0.396174, 1.85412, 1
4.68, 1.12937, 1.46472, -1.85361, 0.718341, -0.0233715, 0.0642754, 1.02282, 1.9532, 0
4.68, -0.46407, 1.46472, -1.85361, 0.718341, -0.0233715, 0.0642754, 1.02282, 1.9532, 2
4.78, 0.2883, 25, -25, 9.30487, -9.26195, -0.0096077, -0.179554, 0.5, 0
4.89, -1.2, 25, -25, 18.3862, -19.7274, -0.137243, -0.880349, 0.433167, 0
5.1, 1.1898, 25, -25, 29.5492, -32.9392, -0.265288, -0.0157328, 0.5, 0
4.7, -0.46407, -12.2586, -4.45845, 0.71108, 0.0288785, 0, 1.02282, 1.9532, 1
4.78, 0.137826, -7.2037, -1.57549, 0.00637356, -0.129067, 0.0243476, 0.0760526, 1.95775, 0
4.78, -1.2, -7.2037, -1.57549, 0.00637356, -0.129067, 0.0243476, 0.0760526, 1.95775, 2
4.88, 1.2, 25, -1.86981, 20.2345, -9.15215, -0.00991098, 0.220138, 0.441724, 0
4.99, -0.987777, 25, -25, 33.7751, -14.1879, 0.0160471, 0.260311, 0.10927, 0
5.2, 1.16906, 25, -25, 60.0988, -34.2503, 0.331758, 1.14736, 0.5, 0
4.8, -1.2, -19.9832, -20.1593, -0.516397, 0.0180497, 0, 0.0760526, 1.95775, 1
4.88, 0.72, -26.5861, -13.542, -1.62234, -1.97361, -0.0187819, 0.0654684, 1.98693, 0
4.88, -1.19962, -26.5861, -13.542, -1.62234, -1.97361, -0.0187819, 0.0654684, 1.98693, 2
4.98, 1.15519, -10.6759, 4.58376, 3.63638, -8.21052, 0.261434, 0.118422, 0.5, 0
5.09, -0.803477, 8.83276, -18.0343, 13.1448, -13.9125, 0.342043, 1.19969, 0.498061, 0
5.3, -1.2, 13.5299, -19.4837, 19.4244, -26.48, -0.0298651, -1.16807, 0.49001, 0
4.9, -1.19962, -0.115054, -14.2749, -2.59113, 0.00134805, 0, 0.0654684, 1.98693, 1
4.98, 0.684229, 6.1657, -14.671, -2.48426, -1.04177, -0.0197575, 0.0437453, 2.0159, 0
4.98, 1.10418, 6.1657, -14.671, -2.48426, -1.04177, -0.0197575, 0.0437453, 2.0159, 2
5.08, -0.572597, 8.85359, -14.2504, 10.2849, -12.0977, 0.318269, 1.15823, 0.5, 0
5.19, -0.479098, 8.47425, -18.5026, 15.3045, -18.3948, 0.179987, -0.375288, 0.5, 0
5.4, 1.13029, 16.079, -20.1273, 16.2169, -18.4724, 0.251081, 1.2, 0.5, 0
5.61, -1.17233, -24.8029, -24.4274, 10.3219, -24.5464, 0.353172, 0.190289, 0.486514, 0
5, 1.10418, 18.7959, -17.6369, -4.43356, -0.0164528, 0, 0.0437453, 2.0159, 1
5.08, -0.237241, 21.8874, -22.6781, -2.84052, -1.2795, 0.0285939, 0.197765, 2.04293, 0
5.08, -1.2, 21.8874, -22.6781, -2.84052, -1.2795, 0.0285939, 0.197765, 2.04293, 2
5.18, 1.2, 25, -25, 8.69877, -11.3277, 0.0868538, -0.979231, 0.5, 0
5.29, -1.2, 25, -25, 20.0763, -21.6567, 0.050079, 0.310599, 0.5, 0
5.5, -0.220918, 25, -25, 27.7128, -29.1337, -0.0652605, -1.2, 0.5, 0
5.71, 1.18743, -25, -1.86079, 27.7534, -32.1681, -0.0750721, 1.2, 0.5, 0
5.1, -1.2, 20.0084, 7.48437, -4.75152, 0.0121313, 0, 0.197765, 2.04293, 1
5.18, 0.72, 1.55349, 27.1677, -3.66215, 1.59285, -0.0146087, 0.0815285, 2.07211, 0
5.18, 1.2, 1.55349, 27.1677, -3.66215, 1.59285, -0.0146087, 0.0815285, 2.07211, 2
5.28, -0.0971454, 25, -25, 13.7499, -15.0101, 0.149449, 1.06249, 0.5, 0
5.39, 0.127777, 24.7916, -24.9365, 22.3753, -24.5376, 0.374569, 0.0959197, 0.5, 0
5.6, 1.09993, 25, -24.6317, 28.506, -30.1851, 0.366546, 0.783357, 0.283782, 0
5.81, 0.802017, -24.9997, 24.9999, 25.0879, -31.3651, 0.38, 0.556236, 0, 0
5.2, 1.2, 5.82311, -1.30132, -4.44461, -0.00457028, 0, 0.0815285, 2.07211, 1
5.28, 0.162284, 13.847, 5.22537, -3.66962, 0.00470039, 0.0395629, 0.459463, 2.11641, 0
5.28, 0.708012, 13.847, 5.22537, -3.66962, 0.00470039, 0.0395629, 0.459463, 2.11641, 2
5.38, 0.0843011, 21.3306, -6.26393, -1.95713, -0.553778, 0.0789435, 0.39202, 0.5, 0
5.49, -0.931346, 25, -25, 0.626781, -2.51107, 0.0686265, -0.579603, 0.5, 0
5.7, 1.06676, 25, -25, 6.82662, -8.86347, 0.0456018, 0.36032, 0.49593, 0
5.91, 0.979806, 25, -25, 13.1073, -15.1521, 0.223774, 1.19962, 0.5, 0
5.3, 0.708012, 3.95845, 1.96741, -4.45619, 0.0395501, 0, 0.459463, 2.11641, 1
5.38, 0.209043, 8.41984, 6.60521, -3.94042, 0.328079, 0.0394219, 0.390104, 2.13489, 0
5.38, 1.2, 8.41984, 6.60521, -3.94042, 0.328079, 0.0394219, 0.390104, 2.13489, 2
5.48, 1.15209, -1.15821, -0.789885, 0.281497, 0.963947, 0.197233, 1.19502, 0.293854, 0
5.59, 1.2, 25, -25, 5.21119, -0.759755, 0.350294, 1.16952, 0, 0
5.8, 1.2, 25, -25, 28.7513, -21.7573, 0.379374, 1.2, 0.0202746, 0
6.01, -1.2, -25, 25, 22.8642, -12.3452, 0.38, -0.660175, 0.093993, 0
5.4, 1.2, 5.08992, 6.07819, -4.05133, 0.0691025, 0, 0.390104, 2.13489, 1
5.48, 1.16167, 10.4908, 10.4636, -3.38401, 0.661099, 0.0675623, 1.07123, 2.24645, 0
5.48, 0.493911, 10.4908, 10.4636, -3.38401, 0.661099, 0.0675623, 1.07123, 2.24645, 2
5.58, -1.2, 25, -14.4086, 2.64667, -3.41166, 0.119586, -0.450428, 0.5, 0
5.69, -1.17806, 25, -25, 10.7599, -10.891, -0.00114944, -1.2, 0.5, 0
5.9, -0.455617, 25, -25, 20.3805, -20.7802, -0.294681, -1.0621, 0.5, 0
6.11, -1.2, 24.9966, 4.01962, 25.8007, -24.9152, -0.379593, -0.673978, 0.5, 0
5.5, 0.493911, 10.0837, 13.0044, -3.07667, 0.144281, 0, 1.07123, 2.24645, 1
5.58, -0.861218, -3.73143, 9.80043, -2.78094, 1.07507, 0.0356885, -0.204233, 2.26139, 0
5.58, 0.0125486, -3.73143, 9.80043, -2.78094, 1.07507, 0.0356885, -0.204233, 2.26139, 2
5.68, 0.171593, 25, -25, 8.65123, -9.9937, 0.0814655, 0.115804, 0.5, 0
5.79, -0.167527, 25, -20.2488, 12.221, -13.3234, 0.114276, 0.00222107, 0.490799, 0
6, 0.985497, 25, -25, 18.3105, -19.049, 0.205563, 0.616532, 0.458532, 0
6.21, -1.2, 23.6359, -25, 25.0655, -26.2144, 0.241558, -0.52438, 0.5, 0
5.6, 0.0125486, 13.4935, -0.727203, -2.1653, 0.133601, 0, -0.204233, 2.26139, 1
5.68, 0.139784, 10.277, -10.4546, -1.30713, -0.358479, -0.00421143, 0.0566463, 2.26196, 0
5.68, 1.2, 10.277, -10.4546, -1.30713, -0.358479, -0.00421143, 0.0566463, 2.26196, 2
5.78, 0.70881, 25, -25, 6.46361, -9.09245, 0.0302346, 1.2, 0.5, 0
5.89, -0.886149, 25, -25, 15.8858, -18.8686, 0.0850883, -0.307952, 0.5, 0
6.1, 0.150753, 25, -25, 28.0106, -31.4432, 0.0115388, -0.392519, 0.5, 0
5.7, 1.2, 16.513, -10.5683, -3.28215, 0.138353, 0, 0.0566463, 2.26196, 1
5.78, 0.807048, 38.4775, -40.6829, -1.57615, -1.25851, 0.0499478, 0.824599, 2.34355, 0
5.78, -1.19742, 38.4775, -40.6829, -1.57615, -1.25851, 0.0499478, 0.824599, 2.34355, 2
5.88, -1.14522, 24.9958, -25, 9.07894, -24.655, -0.11784, -1.19876, 0.5, 0
5.99, -0.643401, 24.0894, -25, 22.0972, -43.3113, -0.372031, -0.547665, 0.496858, 0
6.2, -1.2, -24.0583, -25, 19.9608, -55.5245, -0.377207, -1.2, 0.0203315, 0
5.8, -1.19742, 11.919, 7.94782, -3.15624, 0.202511, 0, 0.824599, 2.34355, 1
5.88, -1.15566, -1.84638, 6.79877, -2.89724, 0.779104, -0.0257351, -0.90675, 2.45431, 0
5.88, -1.03139, -1.84638, 6.79877, -2.89724, 0.779104, -0.0257351, -0.90675, 2.45431, 2
5.98, 1.01091, 25, -25, 22.6671, -33.8203, -0.289665, -0.151825, 0.5, 0
6.09, -1.1675, 25, -25, 27.665, -41.4883, -0.312422, -0.309538, 0.250108, 0
6.3, 1.14069, 25, -1.32769, 41.7452, -46.2599, -0.259477, 0.635485, 0.5, 0
6.51, 1.16683, -25, 25, 39.0732, -38.5354, 0.253059, 1.2, 0.5, 0
5.9, -1.03139, 15.6756, 12.421, -2.21685, 0.127603, 0, -0.90675, 2.45431, 1
5.98, 0.602451, 7.57496, -0.629385, -1.25478, 0.569291, -0.0497603, -0.0813653, 2.47578, 0
5.98, 0.81091, 7.57496, -0.629385, -1.25478, 0.569291, -0.0497603, -0.0813653, 2.47578, 2
6.08, 1.2, 25, -16.0678, 25.8076, -24.107, -0.0114117, 1.2, 0.5, 0
6.19, -0.681563, 14.5231, 23.0995, 39.3143, -24.2478, 0.322211, 1.2, 0.5, 0
6.4, -1.2, -24.9998, 24.483, 33.8635, -1.73299, 0.180161, -1.19772, 0.490897, 0
6, 0.81091, 26.2974, 22.1722, -0.431831, 0.112739, 0, -0.0813653, 2.47578, 1
6.08, 1.12218, 12.538, 33.1402, 1.78929, 1.45004, 0.0397039, 0.871034, 2.55117, 0
6.08, 1.2, 12.538, 33.1402, 1.78929, 1.45004, 0.0397039, 0.871034, 2.55117, 2
6.18, -0.00374907, -25, -11.4084, -9.73275, -38.6851, 0.00969667, 1.2, 0.364581, 0
6.29, 1.2, -8.83497, -3.94167, -4.27808, -63.7467, 0.25746, 0.824388, 0.449533, 0
6.5, 0.802045, 14.7291, -11.861, 16.1525, -90.7478, 0.38, 0.968522, 0.28973, 0
6.1, 1.2, 17.1949, 2.68534, 1.21388, 0.17402, 0, 0.871034, 2.55117, 1
6.18, 0.237001, 7.81333, 20.7785, 2.39444, 1.12091, 0.0679357, 0.606333, 2.59865, 0
6.18, 1.04337, 7.81333, 20.7785, 2.39444, 1.12091, 0.0679357, 0.606333, 2.59865, 2
6.28, -1.14959, 14.8862, -23.5547, 19.2733, -41.5354, 0.0970271, -1.19972, 0.126488, 0
6.39, 1.2, -4.48684, 25, 32.5696, -49.8342, -0.0150674, 0.328167, 0.0230648, 0
6.6, 1.2, -18.569, -4.97977, 7.60275, -52.1628, 0.345688, 1.19694, 0.499674, 0
6.81, 0.390978, 25, -25, 4.59962, -74.2373, 0.38, 0.980091, 0.47208, 0
6.2, 1.04337, 14.145, -8.26915, 0.806799, 0.220463, 0, 0.606333, 2.59865, 1
6.28, -0.710995, 15.8697, 7.08534, 1.92433, 0.066275, 0.0379065, -0.0167449, 2.62138, 0
6.28, 1.2, 15.8697, 7.08534, 1.92433, 0.066275, 0.0379065, -0.0167449, 2.62138, 2
6.38, 0.140259, 25, -25, 22.7993, -32.3693, 0.350319, 1.2, 0.463477, 0
6.49, 1.2, 13.2728, -13.8833, 42.5577, -64.5131, 0.38, -0.0508931, 0.364192, 0
6.7, -1.17172, 19.706, -24.9846, 48.7801, -69.8524, 0.38, -1.2, 0, 0
6.3, 1.2, 14.2364, 1.7868, 0.136386, 0.232343, 0, -0.0167449, 2.62138, 1
6.38, 0.352207, 11.0583, 4.98564, 1.04381, 0.466046, 0.0395036, 0.555019, 2.67435, 0
6.38, 1.2, 11.0583, 4.98564, 1.04381, 0.466046, 0.0395036, 0.555019, 2.67435, 2
6.48, 1.1489, 25, -24.1475, 28.1097, -25.4393, -0.00387531, 1.19382, 0.5, 0
6.59, 1.2, 25, -25, 41.1494, -37.3033, 0.220865, 1.2, 0.5, 0
6.8, -1.1839, 25, -25, 66.1968, -68.573, -0.352066, -1.07662, 0.5, 0
6.4, 1.2, 12.5102, 20.6621, 1.19863, 0.282366, 0, 0.555019, 2.67435, 1
6.48, 1.15912, 14.2832, 20.3989, 1.62869, 2.35333, 0.0731724, 1.09153, 2.78567, 0
6.48, 1.2, 14.2832, 20.3989, 1.62869, 2.35333, 0.0731724, 1.09153, 2.78567, 2
6.58, -1.2, 23.7062, -25, 29.7779, -20.261, -0.25948, 0.113217, 0.5, 0
6.69, -1.2, 25, -25, 37.1895, -27.8848, -0.38, -1.2, 0.5, 0
6.9, -0.0726281, 25, -25, 57.6933, -42.6198, -0.38, -1.2, 0, 0
6.5, 1.2, -5.29178, 27.8636, 3.94005, 0.357465, 0, 1.09153, 2.78567, 1
6.58, -0.72, -47.2376, 49.5372, 2.48844, 2.89006, 0.058816, 0.0885971, 2.81486, 0
6.58, 0.316231, -47.2376, 49.5372, 2.48844, 2.89006, 0.058816, 0.0885971, 2.81486, 2
6.68, 1.2, 25, -25, 23.0905, -10.1702, 0.111278, 0.876872, 0.5, 0
6.79, -1.2, 25, -25, 41.9845, -25.3916, 0.16986, 0.0191636, 0.5, 0
7, 1.2, 25, -25, 71.2294, -54.7131, 0.142314, 0.0961465, 0.5, 0
7.21, -1.2, 25, 15.9314, 81.2509, -60.3786, 0.102216, -0.100372, 0.5, 0
6.6, 0.316231, 17.1606, 6.57867, 5.71481, 0.374167, 0, 0.0885971, 2.81486, 1
6.68, 1.02325, 17.8801, 0.610682, 7.24143, 0.37204, 0.0298164, 0.690184, 2.85407, 0
6.68, 1.2, 17.8801, 0.610682, 7.24143, 0.37204, 0.0298164, 0.690184, 2.85407, 2
6.78, -1.2, 25, 4.63262, 38.4178, -28.1266, -0.0486242, 1.2, 0.5, 0
6.89, 1.2, 25, -25, 53.4216, -40.8582, -0.00795352, -0.900274, 0.5, 0
7.1, 0.0226384, 25, -25, 71.4305, -57.4857, 0.103826, 1.2, 0.5, 0
6.7, 1.2, 13.7646, -4.86473, 5.22705, 0.416264, 0, 0.690184, 2.85407, 1
6.78, -0.72, 18.9077, -9.92413, 6.54106, -0.399948, 0.0450545, 0.0356381, 2.88326, 0
6.78, 1.2, 18.9077, -9.92413, 6.54106, -0.399948, 0.0450545, 0.0356381, 2.88326, 2
6.88, -0.426727, 25, -25, 27.0812, -27.4493, 0.146191, 1.2, 0.5, 0
6.99, -1.0962, 25, -25, 39.8674, -42.8452, 0.153769, -1.19235, 0.5, 0
7.2, -0.0249695, 25, -25, 54.0157, -58.7759, -0.277818, -1.2, 0.497769, 0
6.8, 1.2, 19.0371, 7.51827, 5.15389, 0.432966, 0, 0.0356381, 2.88326, 1
6.88, -0.101382, 23.4721, -9.953, 6.70338, 0.174864, 0.0333939, 0.302749, 2.91869, 0
6.88, 0.654768, 23.4721, -9.953, 6.70338, 0.174864, 0.0333939, 0.302749, 2.91869, 2
6.98, 0.344665, 25, -24.3554, 27.0106, -20.4314, 0.288361, 0.411819, 0.375746, 0
7.09, -1.13437, 25, -24.6808, 36.5328, -35.0241, 0.264346, -1.2, 0.32473, 0
7.3, 1.2, 25, -25, 59.8293, -50.3517, 0.142197, -0.669379, 0.384261, 0
6.9, 0.654768, 19.174, 26.8247, 7.01294, 0.468892, 0, 0.302749, 2.91869, 1
6.98, 0.406686, 31.2117, 17.3178, 8.84358, 2.39714, 0.0359875, 0.466564, 2.94163, 0
6.98, 1.14374, 31.2117, 17.3178, 8.84358, 2.39714, 0.0359875, 0.466564, 2.94163, 2
7.08, -0.789436, 25, -1.31393, 15.4353, 3.01401, -0.0891865, 0.522113, 0.5, 0
7.19, -1.00572, 25, -25, 27.424, -3.84951, -0.211635, -1.00418, 0.387943, 0
7.4, -1.2, 25, -25, 55.1073, -28.4443, -0.38, -1.2, 0.484479, 0
7.61, 1.2, 25, -25, 83.4372, -54.5632, -0.370223, 0.545296, 0.5, 0
7, 1.14374, -25.7556, 36.2911, 9.53669, 0.502853, 0, 0.466564, 2.94163, 1
7.08, -0.402801, -18.2808, 40.0788, 6.81188, 4.27885, 0.0413246, 0.17069, 2.96856, 0
7.08, 1.2, -18.2808, 40.0788, 6.81188, 4.27885, 0.0413246, 0.17069, 2.96856, 2
7.18, 0.908798, 25, -25, 26.2466, -17.7407, 0.267062, 1.2, 0.5, 0
7.29, 1.2, 25, -25, 36.5665, -31.3422, 0.292805, 1.10703, 0.5, 0
7.5, 1.2, 25, -25, 50.3304, -44.1849, 0.336471, 1.2, 0.5, 0
7.1, 1.2, 14.5382, 26.1629, 12.1099, 0.52758, 0, 0.17069, 2.96856, 1
7.18, 0.967039, 33.2961, -1.5226, 14.2205, 1.21222, 0.0566467, 0.931066, 3.06284, 0
7.18, 1.2, 33.2961, -1.5226, 14.2205, 1.21222, 0.0566467, 0.931066, 3.06284, 2
7.28, 1.1999, 24.7468, -2.39258, 27.9862, -12.9869, 0.374156, 1.2, 0.5, 0
7.39, -1.2, 13.0044, -25, 38.7447, -25.7646, 0.368011, -1.19979, 0.5, 0
7.6, -1.19992, -13.0558, 9.50335, 50.3929, -27.5022, -0.379977, -1.2, 0.000147722, 0
7.2, 1.2, 18.6661, 10.155, 14.1659, 0.59671, 0, 0.931066, 3.06284, 1
7.28, 1.19992, -4.94537, 33.6829, 14.8975, 2.31694, 0.0867775, 1.16447, 3.17803, 0
7.28, 0.919413, -4.94537, 33.6829, 14.8975, 2.31694, 0.0867775, 1.16447, 3.17803, 2
7.38, 1.2, 25, 8.53275, 24.7145, 2.51949, 0.290227, 1.17843, 0.5, 0
7.49, -1.2, 25, -25, 39.0389, -4.92235, 0.368595, -0.045403, 0.5, 0
7.7, 0.0226816, 25, -25, 56.8699, -21.1188, 0.247534, -1.10257, 0.5, 0
7.91, 1.16069, 25, -25, 72.4582, -34.2736, 0.262281, 1.2, 0.484477, 0
7.3, 0.919413, 8.54768, 2.00474, 14.5523, 0.673077, 0, 1.16447, 3.17803, 1
7.38, 1.14388, 8.78746, 10.4242, 15.2799, 1.16814, 0.0858679, 1.08001, 3.26351, 0
7.38, 1.2, 8.78746, 10.4242, 15.2799, 1.16814, 0.0858679, 1.08001, 3.26351, 2
7.48, 1.18205, 25, -17.2747, 20.496, -2.69479, 0.196961, 1.2, 0.5, 0
7.59, -1.1655, 25, -25, 25.0186, -6.57685, 0.251896, -0.256068, 0.5, 0
7.8, -1.11345, -18.8625, 22.0627, 26.0493, -7.24671, 0.0103192, -1.2, 0.5, 0
8.01, 1.18922, -25, 25, 20.5235, -1.89247, -0.145894, 0.51327, 0.5, 0
7.4, 1.2, 7.38211, 4.49358, 14.9005, 0.738566, 0, 1.08001, 3.26351, 1
7.48, 1.18564, 6.81586, 11.3762, 15.5364, 1.36608, 0.0916355, 1.17596, 3.37734, 0
7.48, 1.09164, 6.81586, 11.3762, 15.5364, 1.36608, 0.0916355, 1.17596, 3.37734, 2
7.58, 0.531268, -1.87497, 10.2846, 16.5247, 1.12, 0.189696, 0.787746, 0.49989, 0
7.69, -0.34647, -25, 25, 15.3041, 2.60477, 0.231823, -0.0218266, 0.5, 0
7.9, -1.19851, -25, 25, 7.7758, 10.0239, 0.0856851, -1.13612, 0.499928, 0
8.11, -1.04699, -25, 25, 0.479841, 17.2536, -0.191565, -1.1562, 0.498429, 0
7.5, 1.09164, 13.8867, 2.25751, 15.4558, 0.814489, 0, 1.17596, 3.37734, 1
7.58, 0.643343, 12.426, 14.9119, 16.6449, 1.60995, 0.0824088, 0.84661, 3.43888, 0
7.58, -0.108214, 12.426, 14.9119, 16.6449, 1.60995, 0.0824088, 0.84661, 3.43888, 2
7.68, 0.149917, 1.50396, 14.3915, 17.4754, 5.78547, 0.103063, -0.0128398, 0.5, 0
7.79, 1.12213, 6.85295, 8.12357, 19.0745, 7.8418, 0.0949203, 0.0448145, 0.38454, 0
8, 0.483127, -11.6576, -4.91844, 21.1139, 8.64143, 0.123235, 0.849678, 0.231703, 0
8.21, -1.2, 22.9488, -25, 25.7238, 3.80805, 0.261807, -0.630434, 5.06952e-009, 0
7.6, -0.108214, 14.9736, 7.60755, 15.3382, 0.870031, 0, 0.84661, 3.43888, 1
7.68, 0.098291, 2.28742, 15.6427, 16.0894, 1.91741, 0.0276811, 0.135774, 3.43917, 0
7.68, 1.18518, 2.28742, 15.6427, 16.0894, 1.91741, 0.0276811, 0.135774, 3.43917, 2
7.78, 0.0314717, -11.4721, 17.9059, 16.5567, 2.47767, 0.0665727, 0.935041, 0.5, 0
7.89, -0.593793, -8.83254, 25, 15.3316, 4.99744, 0.0909841, -0.453111, 0.492702, 0
8.1, -0.254054, 22.5982, -13.5188, 16.7569, 6.23578, -0.00215942, -0.409414, 0.38857, 0
8.31, 1.2, -23.1318, -25, 16.7348, 1.96484, 0.107128, 1.2, 0.499998, 0
7.7, 1.18518, -7.63826, 22.8264, 16.9482, 0.869562, 0, 0.135774, 3.43917, 1
7.78, 0.262214, -41.0351, 44.4723, 15.7451, 2.84874, 0.0427455, 0.519325, 3.48675, 0
7.78, 1.134, -41.0351, 44.4723, 15.7451, 2.84874, 0.0427455, 0.519325, 3.48675, 2
7.88, -0.779972, -5.83594, 25, 15.8003, 4.4757, 0.09389, 0.123536, 0.5, 0
7.99, 1.2, 5.09265, 9.18136, 16.3095, 5.72327, 0.100019, 0.000243195, 0.498521, 0
8.2, 1.111, 0.480063, -14.0155, 16.8951, 5.15108, 0.313493, 1.19105, 0.498809, 0
8.41, 1.2, 12.2773, -20.3135, 17.1695, 5.2274, 0.38, 1.2, 0.498692, 0
8.62, -0.202997, 4.87794, -23.0009, 17.9058, 4.36026, 0.38, 1.03012, 0.5, 0
7.8, 1.134, 5.59873, 11.1669, 18.3976, 0.916305, 0, 0.519325, 3.48675, 1
7.88, -0.397178, 13.8667, 9.30293, 19.069, 1.7857, 0.0429563, 0.177976, 3.51324, 0
7.88, -1.19882, 13.8667, 9.30293, 19.069, 1.7857, 0.0429563, 0.177976, 3.51324, 2
7.98, -1.19768, 25, 25, 12.3395, 15.3165, -0.379675, -1.19906, 0.5, 0
8.09, 1.2, 17.2291, 24.7409, 9.56551, 28.5541, -0.379603, 1.199, 0.0012277, 0
8.3, 1.1997, -16.2743, 12.1639, 16.3695, 34.5436, 0.379528, 1.2, 0.5, 0
7.9, -1.19882, 5.75377, 8.93495, 19.2094, 0.94089, 0, 0.177976, 3.51324, 1
7.98, -1.19791, 19.975, 2.46603, 20.4442, 1.23572, -0.0486821, -1.01663, 3.62812, 0
7.98, -1.2, 19.975, 2.46603, 20.4442, 1.23572, -0.0486821, -1.01663, 3.62812, 2
8.08, 1.2, -9.18638, 25, 17.6876, 8.33049, -0.0684172, -0.345544, 0.5, 0
8.19, -1.2, -25, 25, 11.9085, 15.6876, -0.0723276, 0.274445, 0.5, 0
8.4, -0.682072, -25, 25, -1.80541, 29.6384, -0.224985, -1.2, 0.5, 0
