0, -1.2, 0, 0, 3.14159, 3.14159, 0, 0, 0, 0
0.1, -1.14801, -4.26769, -2.06434, 2.70082, 3.12556, -0.075077, -1.07148, 0.137851, 0
0.1, -1.2, -4.26769, -2.06434, 2.70082, 3.12556, -0.075077, -1.07148, 0, 0
0.2, -1.17144, 2.05272, -6.55893, 2.57892, 2.67305, -0.189694, -1.17161, 0.1406, 0
0.2, -1.2, 2.05272, -6.55893, 2.57892, 2.67305, -0.189694, -1.17161, 0, 0
0.3, 1.2, 10.4374, -2.16843, 3.18579, 2.10538, -0.248994, 0.329651, 0.048, 0
0.3, 1.2, 10.4374, -2.16843, 3.18579, 2.10538, -0.248994, 0.329651, 0, 0
0.4, -0.425198, 3.79672, 6.91618, 4.07707, 2.50332, -0.201044, 0.0964852, 0.0370185, 0
0.4, 1.19999, 3.79672, 6.91618, 4.07707, 2.50332, -0.201044, 0.0964852, 0, 0
0.5, -1.19945, -10.724, 12.1121, 3.91542, 3.47651, -0.180821, -0.414806, 0.0479777, 0
0.5, -1.08947, -10.724, 12.1121, 3.91542, 3.47651, -0.180821, -0.414806, 0, 0
0.6, -1.2, -10.1628, 0.999407, 2.70599, 4.3171, -0.267986, -1.10616, 0.131144, 0
0.6, 0.856192, -10.1628, 0.999407, 2.70599, 4.3171, -0.267986, -1.10616, 0, 0
0.7, 1.2, 4.62663, 1.29615, 2.61636, 4.47586, -0.245167, 0.918934, 0.106683, 0
0.7, 1.2, 4.62663, 1.29615, 2.61636, 4.47586, -0.245167, 0.918934, 0, 0
0.8, -1.2, -0.832866, -5.76202, 2.91948, 4.25746, -0.195054, -0.349745, 0.048, 0
0.8, 0.176551, -0.832866, -5.76202, 2.91948, 4.25746, -0.195054, -0.349745, 0, 0
0.9, 1.2, 13.3163, -13.4992, 3.59457, 3.29155, -0.17109, 0.786033, 0.0561011, 0
0.9, -0.976492, 13.3163, -13.4992, 3.59457, 3.29155, -0.17109, 0.786033, 0, 0
1, -0.423874, -5.46829, -7.31736, 3.72911, 2.29837, -0.190917, -0.484629, 0.0515705, 0
1, -1.2, -5.46829, -7.31736, 3.72911, 2.29837, -0.190917, -0.484629, 0, 0
1.1, 0.7393, -5.931, 1.8169, 2.9447, 2.01739, -0.236693, 0.0910884, 0.0366468, 0
1.1, -0.866523, -5.931, 1.8169, 2.9447, 2.01739, -0.236693, 0.0910884, 0, 0
1.2, 1.2, -3.88037, 6.53853, 2.14594, 2.61155, -0.237151, 0.524797, 0.0383678, 0
1.2, -1.01041, -3.88037, 6.53853, 2.14594, 2.61155, -0.237151, 0.524797, 0, 0
1.3, -1.02739, 2.51514, -1.98123, 2.06193, 2.73124, -0.282796, -0.899121, 0.103817, 0
1.3, 1.2, 2.51514, -1.98123, 2.06193, 2.73124, -0.282796, -0.899121, 0, 0
1.4, -1.2, 7.27768, -2.14043, 2.76513, 2.58753, -0.298785, -0.494331, 0.048, 0
1.4, -1.2, 7.27768, -2.14043, 2.76513, 2.58753, -0.298785, -0.494331, 0, 0
1.5, -0.968447, 1.50466, 3.11085, 3.11994, 2.65652, -0.387371, -0.996516, 0.118001, 0
1.5, -1.059, 1.50466, 3.11085, 3.11994, 2.65652, -0.387371, -0.996516, 0, 0
1.6, 1.2, 6.26492, 7.35207, 3.43443, 3.16715, -0.434836, 0.383628, 0.0430226, 0
1.6, -1.05976, 6.26492, 7.35207, 3.43443, 3.16715, -0.434836, 0.383628, 0, 0
1.7, -1.2, -3.29658, 6.58377, 3.29239, 4.00772, -0.49182, -1.03422, 0.127827, 0
1.7, -0.675592, -3.29658, 6.58377, 3.29239, 4.00772, -0.49182, -1.03422, 0, 0
1.8, -1.2, -0.79048, 1.11372, 3.18777, 4.36736, -0.585456, -1.03785, 0.0902378, 0
1.8, 1.07797, -0.79048, 1.11372, 3.18777, 4.36736, -0.585456, -1.03785, 0, 0
1.9, 0.85343, 14.1883, -9.86008, 4.1429, 3.89924, -0.560169, 0.766804, 0.0936782, 0
1.9, 1.19949, 14.1883, -9.86008, 4.1429, 3.89924, -0.560169, 0.766804, 0, 0
2, 1.11031, 3.50573, -1.80778, 4.92066, 3.4928, -0.458169, 1.10833, 0.133447, 0
2, 1.05734, 3.50573, -1.80778, 4.92066, 3.4928, -0.458169, 1.10833, 0, 0
2.1, 0.0452668, -2.72643, -6.19058, 4.97848, 3.13344, -0.375743, 0.417299, 0.0389296, 0
2.1, 0.541786, -2.72643, -6.19058, 4.97848, 3.13344, -0.375743, 0.417299, 0, 0
2.2, 0.584382, -10.1372, -1.88715, 4.29582, 2.63712, -0.325032, 0.558995, 0.0317215, 0
2.2, -0.639702, -10.1372, -1.88715, 4.29582, 2.63712, -0.325032, 0.558995, 0, 0
2.3, 1.2, -16.4303, 11.2258, 2.71773, 3.20262, -0.299681, 0.626439, 0.0360525, 0
2.3, -0.954849, -16.4303, 11.2258, 2.71773, 3.20262, -0.299681, 0.626439, 0, 0
2.4, -0.167832, -8.5781, -7.25338, 1.44854, 3.121, -0.318106, -0.328224, 0.0366719, 0
2.4, -1.2, -8.5781, -7.25338, 1.44854, 3.121, -0.318106, -0.328224, 0, 0
2.5, 1.2, -1.5239, -4.13882, 1.07538, 2.3637, -0.346741, 0.396723, 0.048, 0
2.5, -0.441008, -1.5239, -4.13882, 1.07538, 2.3637, -0.346741, 0.396723, 0, 0
2.6, 1.1999, 3.94193, -2.32944, 1.30848, 1.94799, -0.319587, 0.669913, 0.0368362, 0
2.6, 1.2, 3.94193, -2.32944, 1.30848, 1.94799, -0.319587, 0.669913, 0, 0
2.7, 0.497487, 9.81055, -2.49045, 2.00434, 1.70205, -0.236326, 0.710755, 0.0761493, 0
2.7, 0.300149, 9.81055, -2.49045, 2.00434, 1.70205, -0.236326, 0.710755, 0, 0
2.8, -0.785881, 1.94634, 8.1883, 2.65082, 1.99846, -0.218383, -0.35836, 0.0157272, 0
2.8, 0.243902, 1.94634, 8.1883, 2.65082, 1.99846, -0.218383, -0.35836, 0, 0
2.9, -0.379898, 1.6204, 11.3679, 2.81397, 3.07355, -0.231399, -0.200989, 0.00370509, 0
2.9, 0.154754, 1.6204, 11.3679, 2.81397, 3.07355, -0.231399, -0.200989, 0, 0
3, -0.866724, 7.05525, 3.11311, 3.40806, 3.77376, -0.254253, -0.52362, 0.0213677, 0
3, -1.19955, 7.05525, 3.11311, 3.40806, 3.77376, -0.254253, -0.52362, 0, 0
3.1, -0.364006, 4.61629, 0.938911, 3.93062, 3.95473, -0.32886, -0.614045, 0.0669359, 0
3.1, -0.204714, 4.61629, 0.938911, 3.93062, 3.95473, -0.32886, -0.614045, 0, 0
3.2, -0.50586, -0.851962, 2.40833, 4.17277, 4.1123, -0.371701, -0.42892, 0.0133786, 0
3.2, -0.307275, -0.851962, 2.40833, 4.17277, 4.1123, -0.371701, -0.42892, 0, 0
3.3, 0.974713, -0.911176, 0.309515, 4.00323, 4.30854, -0.374979, 0.498925, 0.0248326, 0
3.3, 1.04491, -0.911176, 0.309515, 4.00323, 4.30854, -0.374979, 0.498925, 0, 0
3.4, 0.790496, -2.40898, -2.13274, 3.90381, 4.18603, -0.296664, 0.839578, 0.0847577, 0
3.4, 0.943366, -2.40898, -2.13274, 3.90381, 4.18603, -0.296664, 0.839578, 0, 0
3.5, 0.912872, -3.5131, -4.91599, 3.5968, 3.83973, -0.206859, 0.915705, 0.0861482, 0
3.5, 0.973002, -3.5131, -4.91599, 3.5968, 3.83973, -0.206859, 0.915705, 0, 0
3.6, 1.18175, -2.79116, -6.58474, 3.3003, 3.22132, -0.106452, 1.10129, 0.116437, 0
3.6, 0.954196, -2.79116, -6.58474, 3.3003, 3.22132, -0.106452, 1.10129, 0, 0
3.7, 1.19998, -4.76607, -3.72696, 2.86893, 2.707, 0.000426109, 1.12232, 0.116515, 0
3.7, 1.19825, -4.76607, -3.72696, 2.86893, 2.707, 0.000426109, 1.12232, 0, 0
3.8, 1.18533, -2.28439, -2.71135, 2.49518, 2.40089, 0.117169, 1.18399, 0.142037, 0
3.8, 1.19998, -2.28439, -2.71135, 2.49518, 2.40089, 0.117169, 1.18399, 0, 0
3.9, 0.605262, -0.790017, -1.43669, 2.36709, 2.17877, 0.2218, 0.820221, 0.0844196, 0
3.9, 0.752011, -0.790017, -1.43669, 2.36709, 2.17877, 0.2218, 0.820221, 0, 0
4, 0.012576, -0.230995, 0.717788, 2.34036, 2.13189, 0.281097, 0.286849, 0.0191712, 0
4, -0.000232595, -0.230995, 0.717788, 2.34036, 2.13189, 0.281097, 0.286849, 0, 0
4.1, -0.0440127, 2.14704, 1.83036, 2.40683, 2.27421, 0.290423, -0.00526418, 6.49137e-005, 0
4.1, -0.530147, 2.14704, 1.83036, 2.40683, 2.27421, 0.290423, -0.00526418, 0, 0
4.2, -0.389033, 3.13509, 2.94512, 2.61394, 2.5341, 0.260001, -0.398597, 0.0212882, 0
4.2, -0.817093, 3.13509, 2.94512, 2.61394, 2.5341, 0.260001, -0.398597, 0, 0
4.3, -0.794208, 2.96109, 3.55219, 2.87337, 2.87886, 0.194077, -0.769247, 0.0649117, 0
4.3, -0.98049, 2.96109, 3.55219, 2.87337, 2.87886, 0.194077, -0.769247, 0, 0
4.4, -0.985461, 2.93413, 3.03248, 3.15238, 3.21735, 0.103585, -0.966854, 0.0966242, 0
4.4, -1.05853, 2.93413, 3.03248, 3.15238, 3.21735, 0.103585, -0.966854, 0, 0
4.5, -1.06926, 1.98771, 2.33275, 3.4013, 3.48603, 0.000797988, -1.05807, 0.113188, 0
4.5, -0.960057, 1.98771, 2.33275, 3.4013, 3.48603, 0.000797988, -1.05807, 0, 0
4.6, -0.94206, 1.01095, 1.52788, 3.57334, 3.6749, -0.0983239, -0.956398, 0.0904539, 0
4.6, -0.828202, 1.01095, 1.52788, 3.57334, 3.6749, -0.0983239, -0.956398, 0, 0
4.7, -0.582643, 0.458097, 0.445654, 3.65544, 3.77249, -0.1797, -0.68212, 0.0502646, 0
4.7, -0.532621, 0.458097, 0.445654, 3.65544, 3.77249, -0.1797, -0.68212, 0, 0
4.8, -0.266685, -0.330655, -0.518503, 3.66982, 3.76505, -0.231786, -0.375265, 0.0165616, 0
4.8, -0.145085, -0.330655, -0.518503, 3.66982, 3.76505, -0.231786, -0.375265, 0, 0
4.9, -0.00144227, -1.23916, -1.16103, 3.61104, 3.67365, -0.251093, -0.0719742, 0.000708697, 0
4.9, 0.237377, -1.23916, -1.16103, 3.61104, 3.67365, -0.251093, -0.0719742, 0, 0
5, 0.255815, -1.76143, -1.57793, 3.49345, 3.52703, -0.238144, 0.224509, 0.00608379, 0
5, 0.480931, -1.76143, -1.57793, 3.49345, 3.52703, -0.238144, 0.224509, 0, 0
5.1, 0.499819, -1.78321, -1.82124, 3.34071, 3.34985, -0.198905, 0.472559, 0.0240497, 0
5.1, 0.705216, -1.78321, -1.82124, 3.34071, 3.34985, -0.198905, 0.472559, 0, 0
5.2, 0.570558, -1.86185, -1.68703, 3.1897, 3.16546, -0.14019, 0.601015, 0.0408411, 0
5.2, 0.703768, -1.86185, -1.68703, 3.1897, 3.16546, -0.14019, 0.601015, 0, 0
5.3, 0.815222, -0.759368, -1.51225, 3.06104, 3.00216, -0.0707781, 0.766527, 0.0577867, 0
5.3, 0.635531, -0.759368, -1.51225, 3.06104, 3.00216, -0.0707781, 0.766527, 0, 0
5.4, 0.808686, -0.495069, -0.836887, 2.96684, 2.88949, 0.00184278, 0.756147, 0.0523939, 0
5.4, 0.659852, -0.495069, -0.836887, 2.96684, 2.88949, 0.00184278, 0.756147, 0, 0
5.5, 0.610332, -0.476678, -0.110172, 2.90227, 2.84727, 0.070098, 0.635994, 0.0403546, 0
5.5, 0.577119, -0.476678, -0.110172, 2.90227, 2.84727, 0.070098, 0.635994, 0, 0
5.6, 0.444936, 0.0673958, 0.170678, 2.87699, 2.85397, 0.126664, 0.497678, 0.0262605, 0
5.6, 0.399172, 0.0673958, 0.170678, 2.87699, 2.85397, 0.126664, 0.497678, 0, 0
5.7, 0.230376, 0.35467, 0.304703, 2.89449, 2.8791, 0.165966, 0.299581, 0.0101457, 0
5.7, 0.189296, 0.35467, 0.304703, 2.89449, 2.8791, 0.165966, 0.299581, 0, 0
5.8, 0.0463961, 0.493458, 0.435258, 2.93223, 2.91701, 0.185353, 0.107123, 0.00155894, 0
5.8, 0.00351874, 0.493458, 0.435258, 2.93223, 2.91701, 0.185353, 0.107123, 0, 0
5.9, -0.0911839, 0.590829, 0.559353, 2.98054, 2.96811, 0.187117, -0.0485122, 0.000266868, 0
5.9, -0.14481, 0.590829, 0.559353, 2.98054, 2.96811, 0.187117, -0.0485122, 0, 0
6, -0.183468, 0.6633, 0.634364, 3.03539, 3.02987, 0.175177, -0.161754, 0.00270662, 0
6, -0.182665, 0.6633, 0.634364, 3.03539, 3.02987, 0.175177, -0.161754, 0, 0
6.1, -0.354394, 0.236072, 0.73706, 3.08889, 3.09814, 0.153401, -0.290293, 0.00745658, 0
6.1, -0.22167, 0.236072, 0.73706, 3.08889, 3.09814, 0.153401, -0.290293, 0, 0
6.2, -0.388992, 0.285575, 0.541567, 3.13471, 3.15976, 0.124579, -0.333613, 0.00955602, 0
6.2, -0.263276, 0.285575, 0.541567, 3.13471, 3.15976, 0.124579, -0.333613, 0, 0
6.3, -0.405718, 0.173081, 0.324041, 3.17756, 3.19901, 0.0921526, -0.359522, 0.0113579, 0
6.3, -0.27809, 0.173081, 0.324041, 3.17756, 3.19901, 0.0921526, -0.359522, 0, 0
6.4, -0.380071, 0.014168, 0.177862, 3.20549, 3.22004, 0.0588474, -0.349468, 0.0109161, 0
6.4, -0.258406, 0.014168, 0.177862, 3.20549, 3.22004, 0.0588474, -0.349468, 0, 0
6.5, -0.322242, -0.0881747, 0.0745254, 3.21844, 3.22922, 0.0281089, -0.306274, 0.00846276, 0
6.5, -0.218019, -0.0881747, 0.0745254, 3.21844, 3.22922, 0.0281089, -0.306274, 0, 0
6.6, -0.250821, -0.138009, -0.0116236, 3.221, 3.22958, 0.00228261, -0.245913, 0.00550424, 0
6.6, -0.169973, -0.138009, -0.0116236, 3.221, 3.22958, 0.00228261, -0.245913, 0, 0
6.7, -0.177439, -0.160106, -0.0818736, 3.21654, 3.22275, -0.0176614, -0.180764, 0.00301785, 0
6.7, -0.120854, -0.160106, -0.0818736, 3.21654, 3.22275, -0.0176614, -0.180764, 0, 0
6.8, -0.109275, -0.169696, -0.129608, 3.20706, 3.21065, -0.0316372, -0.118249, 0.00132511, 0
6.8, -0.0748834, -0.169696, -0.129608, 3.20706, 3.21065, -0.0316372, -0.118249, 0, 0
6.9, -0.0492965, -0.163109, -0.155756, 3.19424, 3.19546, -0.0400661, -0.0620481, 0.000390972, 0
6.9, -0.0346736, -0.163109, -0.155756, 3.19424, 3.19546, -0.0400661, -0.0620481, 0, 0
7, -0.000944346, -0.145063, -0.162179, 3.17997, 3.17918, -0.0436903, -0.0153846, 4.11965e-005, 0
7, -0.00193897, -0.145063, -0.162179, 3.17997, 3.17918, -0.0436903, -0.0153846, 0, 0
7.1, 0.0343558, -0.120201, -0.152015, 3.16582, 3.16351, -0.0434707, 0.0200902, 3.72489e-005, 0
7.1, 0.0222233, -0.120201, -0.152015, 3.16582, 3.16351, -0.0434707, 0.0200902, 0, 0
7.2, 0.0570566, -0.0907377, -0.130334, 3.15298, 3.14974, -0.0404599, 0.0442217, 0.000167244, 0
7.2, 0.0381165, -0.0907377, -0.130334, 3.15298, 3.14974, -0.0404599, 0.0442217, 0, 0
7.3, 0.0679137, -0.0615199, -0.101533, 3.14234, 3.13867, -0.0356854, 0.0575651, 0.000288459, 0
7.3, 0.0460446, -0.0615199, -0.101533, 3.14234, 3.13867, -0.0356854, 0.0575651, 0, 0
7.4, 0.0693637, -0.0335249, -0.0705281, 3.1343, 3.13069, -0.0300823, 0.0618011, 0.000337509, 0
7.4, 0.0473661, -0.0335249, -0.0705281, 3.1343, 3.13069, -0.0300823, 0.0618011, 0, 0
7.5, 0.0634727, -0.00966473, -0.0406541, 3.129, 3.12574, -0.0244204, 0.0587643, 0.000309293, 0
7.5, 0.0436389, -0.00966473, -0.0406541, 3.129, 3.12574, -0.0244204, 0.0587643, 0, 0
7.6, 0.052699, 0.00884534, -0.0142982, 3.12624, 3.12355, -0.0192813, 0.0506075, 0.000232709, 0
7.6, 0.0365176, 0.00884534, -0.0142982, 3.12624, 3.12355, -0.0192813, 0.0506075, 0, 0
7.7, 0.0393296, 0.0217205, 0.0069475, 3.12564, 3.12364, -0.0150474, 0.0394275, 0.000143886, 0
7.7, 0.027541, 0.0217205, 0.0069475, 3.12564, 3.12364, -0.0150474, 0.0394275, 0, 0
7.8, 0.0253177, 0.029245, 0.0223032, 3.12673, 3.12543, -0.0119164, 0.027071, 6.98922e-005, 0
7.8, 0.0180517, 0.029245, 0.0223032, 3.12673, 3.12543, -0.0119164, 0.027071, 0, 0
7.9, 0.0121596, 0.0319591, 0.0317868, 3.12898, 3.12834, -0.00992973, 0.015019, 2.31073e-005, 0
7.9, 0.00906676, 0.0319591, 0.0317868, 3.12898, 3.12834, -0.00992973, 0.015019, 0, 0
8, 0.000959256, 0.0309471, 0.0358964, 3.1319, 3.13182, -0.0090082, 0.00438033, 3.06079e-006, 0
