0, -0.541461, 0, 0, 3.14159, 3.14159, 0, 0, 0, 1
0.08, -1.06829, -4.39057, -0.253782, 2.91785, 3.15857, -0.0339338, -0.771046, 0.0536765, 0
0.08, -1.2, -4.39057, -0.253782, 2.91785, 3.15857, -0.0339338, -0.771046, 0.0536765, 2
0.18, -0.670513, -1.17719, -3.43688, 2.63946, 2.97404, -0.120212, -0.954521, 0.148156, 0
0.29, -0.471575, 4.34997, -3.64655, 2.81396, 2.58445, -0.200659, -0.508145, 0.185114, 0
0.5, 1.17526, 2.07597, 7.63244, 3.48869, 3.00297, -0.176139, 0.741664, 0.353494, 0
0.71, 0.118565, 2.17034, 13.2268, 3.93455, 5.19319, -0.0348486, 0.603963, 0.5, 0
0, -1.07488, -4.40112, -0.285919, 3.1583, -0.0347086, 0, 0, 0, 3
-0.001, -1.06829, -4.39057, -0.253782, 2.91785, 3.15857, -0.0339338, -0.771046, 0.0536765, 0
0, -1.2, -4.39057, -0.253782, 2.91785, 3.15857, -0.0339338, -0.771046, 0.0536765, 0
0.08, -0.77641, -0.933531, -3.61246, 2.65131, 3.00452, -0.107843, -0.901359, 0.132997, 0
0.04, -0.236709, -0.933531, -3.61246, 2.65131, 3.00452, -0.107843, -0.901359, 0.132997, 2
0.14, -0.852183, 3.71221, -3.43262, 2.79025, 2.65226, -0.178039, -0.502573, 0.172109, 0
0.25, -0.407328, 1.69303, 0.494631, 3.08754, 2.49067, -0.241465, -0.650616, 0.221176, 0
0.46, 1.07167, 2.61447, 8.08166, 3.53982, 3.39119, -0.228126, 0.777656, 0.359188, 0
0.67, 0.438851, -0.161914, 9.12515, 3.79734, 5.1979, -0.0682353, 0.745109, 0.5, 0
0, -1.19471, -4.43051, -0.317422, 3.158, -0.0354924, 0, -0.771046, 0.0536765, 3
-0.041, -1.41179, -0.933531, -3.61246, 2.65131, 3.00452, -0.107843, -0.901359, 0.132997, 0
0, -0.236709, -0.933531, -3.61246, 2.65131, 3.00452, -0.107843, -0.901359, 0.132997, 0
-0.04, 0.00948122, -0.933531, -3.61246, 2.65131, 3.00452, -0.107843, -0.901359, 0.132997, 0
0.02, -0.237687, -0.933531, -3.61246, 2.65131, 3.00452, -0.107843, -0.901359, 0.132997, 2
0.12, -0.851427, 3.71284, -3.43426, 2.79028, 2.65218, -0.178046, -0.502698, 0.172068, 0
0.23, -0.408285, 1.69278, 0.493864, 3.08759, 2.49046, -0.241483, -0.650713, 0.221107, 0
0.44, 1.07171, 2.61171, 8.08211, 3.53956, 3.39094, -0.228219, 0.777035, 0.35921, 0
0.65, 0.438507, -0.154168, 9.12719, 3.7976, 5.19791, -0.0683877, 0.745172, 0.5, 0
0, -0.242863, -4.29864, -0.360181, 3.15766, -0.0362746, 0, -0.901359, 0.132997, 3
-0.021, -0.113614, -0.933531, -3.61246, 2.65131, 3.00452, -0.107843, -0.901359, 0.132997, 0
0, -0.237687, -0.933531, -3.61246, 2.65131, 3.00452, -0.107843, -0.901359, 0.132997, 0
-0.02, -0.114939, -0.933531, -3.61246, 2.65131, 3.00452, -0.107843, -0.901359, 0.132997, 0
0.01, -0.23738, -0.933531, -3.61246, 2.65131, 3.00452, -0.107843, -0.901359, 0.132997, 2
0.11, -0.851947, 3.7119, -3.43383, 2.79023, 2.6522, -0.178052, -0.502816, 0.172105, 0
0.22, -0.408159, 1.69246, 0.493457, 3.08747, 2.49048, -0.241507, -0.650922, 0.221187, 0
0.43, 1.07155, 2.61331, 8.08185, 3.53958, 3.39089, -0.228258, 0.777105, 0.359243, 0
0.64, 0.438545, -0.155396, 9.12749, 3.79766, 5.19787, -0.0684318, 0.74505, 0.5, 0
0, -0.243824, -4.16933, -0.402393, 3.15728, -0.0370431, 0, -0.901359, 0.132997, 3
-0.011, -0.176313, -0.933531, -3.61246, 2.65131, 3.00452, -0.107843, -0.901359, 0.132997, 0
0, -0.23738, -0.933531, -3.61246, 2.65131, 3.00452, -0.107843, -0.901359, 0.132997, 0
-0.01, -0.175923, -0.933531, -3.61246, 2.65131, 3.00452, -0.107843, -0.901359, 0.132997, 0
0.005, -0.238026, -0.933531, -3.61246, 2.65131, 3.00452, -0.107843, -0.901359, 0.132997, 2
0.105, -0.851266, 3.7128, -3.43486, 2.79028, 2.65215, -0.178051, -0.502797, 0.172062, 0
0.215, -0.408649, 1.69264, 0.493381, 3.08758, 2.49037, -0.241499, -0.650815, 0.221103, 0
0.425, 1.07173, 2.61106, 8.08237, 3.53946, 3.39082, -0.228268, 0.776831, 0.359241, 0
0.635, 0.438121, -0.150474, 9.12992, 3.79783, 5.19811, -0.0684756, 0.744998, 0.5, 0
0, -0.243525, -4.04229, -0.444091, 3.15686, -0.0377985, 0, -0.901359, 0.132997, 3
-0.006, -0.206651, -0.933531, -3.61246, 2.65131, 3.00452, -0.107843, -0.901359, 0.132997, 0
0, -0.238026, -0.933531, -3.61246, 2.65131, 3.00452, -0.107843, -0.901359, 0.132997, 0
-0.005, -0.207364, -0.933531, -3.61246, 2.65131, 3.00452, -0.107843, -0.901359, 0.132997, 0
0.0025, -0.237976, -0.933531, -3.61246, 2.65131, 3.00452, -0.107843, -0.901359, 0.132997, 2
0.1025, -0.851111, 3.71327, -3.43471, 2.7903, 2.65216, -0.178045, -0.502682, 0.172048, 0
0.2125, -0.40817, 1.69386, 0.494014, 3.08769, 2.49042, -0.241468, -0.650464, 0.221052, 0
0.4225, 1.07166, 2.60985, 8.08292, 3.53958, 3.391, -0.228185, 0.77697, 0.359134, 0
0.6325, 0.439451, -0.15454, 9.12463, 3.79739, 5.19779, -0.0682886, 0.745851, 0.5, 0
0, -0.244158, -3.91761, -0.485284, 3.15639, -0.038541, 0, -0.901359, 0.132997, 3
-0.0035, -0.222695, -0.933531, -3.61246, 2.65131, 3.00452, -0.107843, -0.901359, 0.132997, 0
0, -0.237976, -0.933531, -3.61246, 2.65131, 3.00452, -0.107843, -0.901359, 0.132997, 0
-0.0025, -0.222648, -0.933531, -3.61246, 2.65131, 3.00452, -0.107843, -0.901359, 0.132997, 0
0.00125, -0.237455, -0.933531, -3.61246, 2.65131, 3.00452, -0.107843, -0.901359, 0.132997, 2
0.10125, -0.851582, 3.71276, -3.43386, 2.79027, 2.6522, -0.178044, -0.502654, 0.172075, 0
0.21125, -0.408117, 1.69265, 0.494067, 3.08757, 2.49051, -0.241479, -0.650712, 0.221122, 0
0.42125, 1.07173, 2.61247, 8.08186, 3.53961, 3.39099, -0.2282, 0.777172, 0.359214, 0
0.63125, 0.438411, -0.155702, 9.12703, 3.79757, 5.19792, -0.0683667, 0.745054, 0.5, 0
0, -0.244107, -3.79511, -0.525998, 3.15589, -0.039271, 0, -0.901359, 0.132997, 3
-0.00225, -0.230312, -0.933531, -3.61246, 2.65131, 3.00452, -0.107843, -0.901359, 0.132997, 0
0, -0.237455, -0.933531, -3.61246, 2.65131, 3.00452, -0.107843, -0.901359, 0.132997, 0
-0.00125, -0.229779, -0.933531, -3.61246, 2.65131, 3.00452, -0.107843, -0.901359, 0.132997, 0
0.000625, -0.237489, -0.933531, -3.61246, 2.65131, 3.00452, -0.107843, -0.901359, 0.132997, 2
0.100625, -0.851554, 3.71278, -3.43392, 2.79028, 2.6522, -0.178044, -0.502658, 0.172074, 0
0.210625, -0.408331, 1.69209, 0.493956, 3.08754, 2.4905, -0.241485, -0.65082, 0.221127, 0
0.420625, 1.07181, 2.61282, 8.08155, 3.53956, 3.39093, -0.228224, 0.777119, 0.359255, 0
0.630625, 0.437785, -0.154067, 9.12903, 3.79773, 5.19804, -0.0684349, 0.744677, 0.5, 0
0, -0.243596, -3.67467, -0.566255, 3.15534, -0.0399888, 0, -0.901359, 0.132997, 3
-0.001625, -0.233617, -0.933531, -3.61246, 2.65131, 3.00452, -0.107843, -0.901359, 0.132997, 0
0, -0.237489, -0.933531, -3.61246, 2.65131, 3.00452, -0.107843, -0.901359, 0.132997, 0
-0.000625, -0.233651, -0.933531, -3.61246, 2.65131, 3.00452, -0.107843, -0.901359, 0.132997, 0
0.0003125, -0.237688, -0.933531, -3.61246, 2.65131, 3.00452, -0.107843, -0.901359, 0.132997, 2
0.100313, -0.85138, 3.71297, -3.43424, 2.79029, 2.65218, -0.178044, -0.502672, 0.172064, 0
0.210312, -0.408243, 1.69288, 0.493977, 3.08761, 2.49047, -0.241478, -0.650665, 0.221097, 0
0.420312, 1.07174, 2.61157, 8.08216, 3.53957, 3.39096, -0.228206, 0.777066, 0.359203, 0
0.630313, 0.438515, -0.154343, 9.12719, 3.79758, 5.19795, -0.0683697, 0.745185, 0.5, 0
0, -0.24363, -3.5563, -0.606068, 3.15475, -0.0406946, 0, -0.901359, 0.132997, 3
-0.0013125, -0.23557, -0.933531, -3.61246, 2.65131, 3.00452, -0.107843, -0.901359, 0.132997, 0
0, -0.237688, -0.933531, -3.61246, 2.65131, 3.00452, -0.107843, -0.901359, 0.132997, 0
-0.0003125, -0.23577, -0.933531, -3.61246, 2.65131, 3.00452, -0.107843, -0.901359, 0.132997, 0
0.00015625, -0.238077, -0.933531, -3.61246, 2.65131, 3.00452, -0.107843, -0.901359, 0.132997, 2
0.100156, -0.851574, 3.71192, -3.43506, 2.79023, 2.65214, -0.178061, -0.502998, 0.17209, 0
0.210156, -0.408892, 1.69221, 0.492554, 3.08746, 2.4903, -0.241536, -0.651102, 0.22117, 0
0.420156, 1.07156, 2.61179, 8.08233, 3.53938, 3.39067, -0.228352, 0.776663, 0.359292, 0
0.630156, 0.437984, -0.148507, 9.13157, 3.79802, 5.19813, -0.0685932, 0.744852, 0.5, 0
0, -0.243824, -3.43997, -0.645457, 3.15413, -0.0413888, 0, -0.901359, 0.132997, 3
-0.00115625, -0.236729, -0.933531, -3.61246, 2.65131, 3.00452, -0.107843, -0.901359, 0.132997, 0
0, -0.238077, -0.933531, -3.61246, 2.65131, 3.00452, -0.107843, -0.901359, 0.132997, 0
-0.00015625, -0.237119, -0.933531, -3.61246, 2.65131, 3.00452, -0.107843, -0.901359, 0.132997, 0
7.8125e-005, -0.237957, -0.933531, -3.61246, 2.65131, 3.00452, -0.107843, -0.901359, 0.132997, 2
0.100078, -0.851173, 3.71314, -3.4347, 2.79029, 2.65216, -0.178046, -0.502707, 0.172053, 0
0.210078, -0.409949, 1.68843, 0.493068, 3.08738, 2.49037, -0.241529, -0.651532, 0.221143, 0
0.420078, 1.07248, 2.61467, 8.07993, 3.53921, 3.39053, -0.228381, 0.776755, 0.359562, 0
0.630078, 0.432774, -0.139481, 9.14751, 3.7991, 5.19941, -0.068944, 0.74169, 0.5, 0
0, -0.244212, -3.32565, -0.684437, 3.15346, -0.0420716, 0, -0.901359, 0.132997, 3
-0.00107813, -0.237598, -0.933531, -3.61246, 2.65131, 3.00452, -0.107843, -0.901359, 0.132997, 0
0, -0.237957, -0.933531, -3.61246, 2.65131, 3.00452, -0.107843, -0.901359, 0.132997, 0
-7.8125e-005, -0.237478, -0.933531, -3.61246, 2.65131, 3.00452, -0.107843, -0.901359, 0.132997, 0
3.90625e-005, -0.237816, -0.933531, -3.61246, 2.65131, 3.00452, -0.107843, -0.901359, 0.132997, 2
0.100039, -0.8511, 3.71352, -3.4344, 2.79031, 2.65217, -0.17804, -0.502587, 0.172043, 0
0.210039, -0.408261, 1.69309, 0.494289, 3.08768, 2.49047, -0.241461, -0.650527, 0.221051, 0
0.420039, 1.07184, 2.61075, 8.08228, 3.53958, 3.39101, -0.228175, 0.777061, 0.35918, 0
0.630039, 0.438521, -0.154117, 9.12678, 3.79753, 5.19796, -0.0683314, 0.745262, 0.5, 0
0, -0.244089, -3.21321, -0.723031, 3.15276, -0.0427434, 0, -0.901359, 0.132997, 3
-0.00103906, -0.237718, -0.933531, -3.61246, 2.65131, 3.00452, -0.107843, -0.901359, 0.132997, 0
0, -0.237816, -0.933531, -3.61246, 2.65131, 3.00452, -0.107843, -0.901359, 0.132997, 0
-3.90625e-005, -0.237576, -0.933531, -3.61246, 2.65131, 3.00452, -0.107843, -0.901359, 0.132997, 0
1.95313e-005, -0.237776, -0.933531, -3.61246, 2.65131, 3.00452, -0.107843, -0.901359, 0.132997, 2
0.10002, -0.851343, 3.71294, -3.4344, 2.79028, 2.65217, -0.178046, -0.5027, 0.172063, 0
0.21002, -0.408346, 1.69283, 0.493838, 3.0876, 2.49044, -0.241483, -0.650699, 0.221097, 0
0.42002, 1.07172, 2.61139, 8.08219, 3.53954, 3.39093, -0.228222, 0.776994, 0.359208, 0
0.63002, 0.438504, -0.153579, 9.12734, 3.79761, 5.19793, -0.0683918, 0.745197, 0.5, 0
0, -0.243948, -3.10257, -0.761258, 3.15202, -0.0434045, 0, -0.901359, 0.132997, 3
-0.00101953, -0.237696, -0.933531, -3.61246, 2.65131, 3.00452, -0.107843, -0.901359, 0.132997, 0
0, -0.237776, -0.933531, -3.61246, 2.65131, 3.00452, -0.107843, -0.901359, 0.132997, 0
-1.95313e-005, -0.237656, -0.933531, -3.61246, 2.65131, 3.00452, -0.107843, -0.901359, 0.132997, 0
9.76563e-006, -0.237128, -0.933531, -3.61246, 2.65131, 3.00452, -0.107843, -0.901359, 0.132997, 2
0.10001, -0.85334, 3.70859, -3.4338, 2.79007, 2.6522, -0.178084, -0.503454, 0.172218, 0
0.21001, -0.40934, 1.68878, 0.490573, 3.08692, 2.49033, -0.241651, -0.652316, 0.221484, 0
0.42001, 1.07158, 2.61948, 8.08058, 3.53929, 3.3903, -0.22857, 0.7769, 0.359648, 0
0.63001, 0.434051, -0.142429, 9.1497, 3.79938, 5.19948, -0.0690956, 0.7419, 0.5, 0
0, -0.243911, -2.99372, -0.799133, 3.15124, -0.044055, 0, -0.901359, 0.132997, 3
-0.00100977, -0.237716, -0.933531, -3.61246, 2.65131, 3.00452, -0.107843, -0.901359, 0.132997, 0
0, -0.237128, -0.933531, -3.61246, 2.65131, 3.00452, -0.107843, -0.901359, 0.132997, 0
-9.76563e-006, -0.237068, -0.933531, -3.61246, 2.65131, 3.00452, -0.107843, -0.901359, 0.132997, 0
4.88281e-006, -0.237535, -0.933531, -3.61246, 2.65131, 3.00452, -0.107843, -0.901359, 0.132997, 2
0.100005, -0.851563, 3.7127, -3.43401, 2.79027, 2.65219, -0.178045, -0.502689, 0.172076, 0
0.210005, -0.408132, 1.69284, 0.493949, 3.08758, 2.49049, -0.241482, -0.650704, 0.221121, 0
0.420005, 1.07171, 2.61219, 8.08209, 3.5396, 3.39097, -0.228206, 0.777142, 0.35921, 0
0.630005, 0.438506, -0.155165, 9.12738, 3.79759, 5.19797, -0.0683683, 0.745121, 0.5, 0
0, -0.24329, -2.88649, -0.836678, 3.15042, -0.0446953, 0, -0.901359, 0.132997, 3
-0.00100488, -0.237098, -0.933531, -3.61246, 2.65131, 3.00452, -0.107843, -0.901359, 0.132997, 0
0, -0.237535, -0.933531, -3.61246, 2.65131, 3.00452, -0.107843, -0.901359, 0.132997, 0
-4.88281e-006, -0.237505, -0.933531, -3.61246, 2.65131, 3.00452, -0.107843, -0.901359, 0.132997, 0
2.44141e-006, -0.237016, -0.933531, -3.61246, 2.65131, 3.00452, -0.107843, -0.901359, 0.132997, 2
0.100002, -0.853397, 3.70859, -3.43361, 2.79007, 2.65221, -0.178082, -0.503423, 0.17222, 0
0.210002, -0.409236, 1.68878, 0.490717, 3.08692, 2.49036, -0.241646, -0.652293, 0.221486, 0
0.420002, 1.07158, 2.61973, 8.08046, 3.53932, 3.39033, -0.228556, 0.776962, 0.35964, 0
0.630002, 0.434149, -0.143573, 9.14886, 3.79931, 5.19941, -0.0690717, 0.741938, 0.5, 0
0, -0.243675, -2.78101, -0.873903, 3.14956, -0.0453256, 0, -0.901359, 0.132997, 3
-0.00100244, -0.23752, -0.933531, -3.61246, 2.65131, 3.00452, -0.107843, -0.901359, 0.132997, 0
0, -0.237016, -0.933531, -3.61246, 2.65131, 3.00452, -0.107843, -0.901359, 0.132997, 0
-2.44141e-006, -0.237001, -0.933531, -3.61246, 2.65131, 3.00452, -0.107843, -0.901359, 0.132997, 0
1.2207e-006, -0.23784, -0.933531, -3.61246, 2.65131, 3.00452, -0.107843, -0.901359, 0.132997, 2
0.100001, -0.851126, 3.71343, -3.43445, 2.79031, 2.65217, -0.178042, -0.502614, 0.172046, 0
0.210001, -0.408312, 1.69302, 0.49417, 3.08766, 2.49046, -0.241466, -0.650566, 0.221058, 0
0.420001, 1.07183, 2.61081, 8.08229, 3.53956, 3.39098, -0.228188, 0.777032, 0.359189, 0
0.630001, 0.438462, -0.153647, 9.12721, 3.79757, 5.19798, -0.0683508, 0.745223, 0.5, 0
0, -0.24318, -2.67708, -0.91083, 3.14867, -0.0459462, 0, -0.901359, 0.132997, 3
-0.00100122, -0.237008, -0.933531, -3.61246, 2.65131, 3.00452, -0.107843, -0.901359, 0.132997, 0
0, -0.23784, -0.933531, -3.61246, 2.65131, 3.00452, -0.107843, -0.901359, 0.132997, 0
-1.2207e-006, -0.237832, -0.933531, -3.61246, 2.65131, 3.00452, -0.107843, -0.901359, 0.132997, 0
6.10352e-007, -0.237277, -0.933531, -3.61246, 2.65131, 3.00452, -0.107843, -0.901359, 0.132997, 2
0.100001, -0.853135, 3.70892, -3.43402, 2.79008, 2.65219, -0.178082, -0.503422, 0.172204, 0
0.210001, -0.40936, 1.68908, 0.490697, 3.08697, 2.49031, -0.241642, -0.652213, 0.221451, 0
0.420001, 1.07161, 2.61864, 8.0808, 3.53928, 3.39032, -0.228554, 0.776857, 0.359622, 0
0.630001, 0.434269, -0.142192, 9.14891, 3.79931, 5.19944, -0.0690644, 0.742095, 0.5, 0
0, -0.243972, -2.57485, -0.947467, 3.14774, -0.0465572, 0, -0.901359, 0.132997, 3
-0.00100061, -0.237836, -0.933531, -3.61246, 2.65131, 3.00452, -0.107843, -0.901359, 0.132997, 0
0, -0.237277, -0.933531, -3.61246, 2.65131, 3.00452, -0.107843, -0.901359, 0.132997, 0
-6.10352e-007, -0.237273, -0.933531, -3.61246, 2.65131, 3.00452, -0.107843, -0.901359, 0.132997, 0
3.05176e-007, -0.237509, -0.933531, -3.61246, 2.65131, 3.00452, -0.107843, -0.901359, 0.132997, 2
0.1, -0.854631, 3.70466, -3.43496, 2.78987, 2.65215, -0.17813, -0.504388, 0.172337, 0
0.21, -0.408885, 1.69198, 0.487503, 3.08669, 2.49004, -0.241767, -0.65265, 0.221704, 0
0.42, 1.06989, 2.61772, 8.08314, 3.5392, 3.38995, -0.228799, 0.776155, 0.359449, 0
0.63, 0.440355, -0.148193, 9.13227, 3.7985, 5.19757, -0.0690161, 0.745591, 0.5, 0
0, -0.243435, -2.47407, -0.983837, 3.14678, -0.047159, 0, -0.901359, 0.132997, 3
-0.00100031, -0.237275, -0.933531, -3.61246, 2.65131, 3.00452, -0.107843, -0.901359, 0.132997, 0
0, -0.237509, -0.933531, -3.61246, 2.65131, 3.00452, -0.107843, -0.901359, 0.132997, 0
-3.05176e-007, -0.237508, -0.933531, -3.61246, 2.65131, 3.00452, -0.107843, -0.901359, 0.132997, 0
1.52588e-007, -0.23774, -0.933531, -3.61246, 2.65131, 3.00452, -0.107843, -0.901359, 0.132997, 2
0.1, -0.851263, 3.7132, -3.43431, 2.7903, 2.65218, -0.178043, -0.502636, 0.172055, 0
0.21, -0.408325, 1.69274, 0.494073, 3.08762, 2.49047, -0.241473, -0.650651, 0.221081, 0
0.42, 1.0718, 2.6114, 8.08206, 3.53956, 3.39096, -0.228202, 0.777043, 0.359207, 0
0.63, 0.438323, -0.153832, 9.12746, 3.7976, 5.19796, -0.0683773, 0.745099, 0.5, 0
0, -0.243681, -2.37482, -1.01995, 3.14578, -0.0477517, 0, -0.901359, 0.132997, 3
-0.00100015, -0.237509, -0.933531, -3.61246, 2.65131, 3.00452, -0.107843, -0.901359, 0.132997, 0
0, -0.23774, -0.933531, -3.61246, 2.65131, 3.00452, -0.107843, -0.901359, 0.132997, 0
-1.52588e-007, -0.237739, -0.933531, -3.61246, 2.65131, 3.00452, -0.107843, -0.901359, 0.132997, 0
7.62939e-008, -0.237203, -0.933531, -3.61246, 2.65131, 3.00452, -0.107843, -0.901359, 0.132997, 2
0.1, -0.853226, 3.70878, -3.43391, 2.79008, 2.6522, -0.178082, -0.503432, 0.17221, 0
0.21, -0.409343, 1.68895, 0.490658, 3.08695, 2.49032, -0.241645, -0.652255, 0.221465, 0
0.42, 1.0716, 2.61902, 8.0807, 3.53929, 3.39031, -0.22856, 0.776881, 0.359633, 0
0.63, 0.434178, -0.142383, 9.14919, 3.79934, 5.19945, -0.0690758, 0.742012, 0.5, 0
0, -0.243875, -2.27705, -1.05582, 3.14474, -0.0483357, 0, -0.901359, 0.132997, 3
-0.00100008, -0.23774, -0.933531, -3.61246, 2.65131, 3.00452, -0.107843, -0.901359, 0.132997, 0
0, -0.237203, -0.933531, -3.61246, 2.65131, 3.00452, -0.107843, -0.901359, 0.132997, 0
-7.62939e-008, -0.237203, -0.933531, -3.61246, 2.65131, 3.00452, -0.107843, -0.901359, 0.132997, 0
3.8147e-008, -0.237471, -0.933531, -3.61246, 2.65131, 3.00452, -0.107843, -0.901359, 0.132997, 2
0.1, -0.854682, 3.70458, -3.43491, 2.78987, 2.65215, -0.178131, -0.504396, 0.17234, 0
0.21, -0.408847, 1.69201, 0.48749, 3.08668, 2.49004, -0.241768, -0.652656, 0.22171, 0
0.42, 1.06988, 2.61785, 8.08314, 3.53921, 3.38996, -0.228799, 0.776174, 0.359449, 0
0.63, 0.44039, -0.14846, 9.13223, 3.7985, 5.19757, -0.069013, 0.745596, 0.5, 0
0, -0.243363, -2.18059, -1.09147, 3.14366, -0.0489111, 0, -0.901359, 0.132997, 3
-0.00100004, -0.237203, -0.933531, -3.61246, 2.65131, 3.00452, -0.107843, -0.901359, 0.132997, 0
0, -0.237471, -0.933531, -3.61246, 2.65131, 3.00452, -0.107843, -0.901359, 0.132997, 0
-3.8147e-008, -0.237471, -0.933531, -3.61246, 2.65131, 3.00452, -0.107843, -0.901359, 0.132997, 0
1.90735e-008, -0.237738, -0.933531, -3.61246, 2.65131, 3.00452, -0.107843, -0.901359, 0.132997, 2
0.1, -0.851335, 3.71302, -3.43433, 2.79029, 2.65218, -0.178045, -0.502674, 0.172061, 0
0.21, -0.408291, 1.69287, 0.493952, 3.08761, 2.49046, -0.241478, -0.650666, 0.221092, 0
0.42, 1.07182, 2.61154, 8.08228, 3.53957, 3.39096, -0.228204, 0.777087, 0.359219, 0
0.63, 0.438147, -0.153139, 9.12931, 3.79771, 5.19818, -0.0683888, 0.744964, 0.5, 0
0, -0.243644, -2.08553, -1.1269, 3.14255, -0.0494781, 0, -0.901359, 0.132997, 3
-0.00100002, -0.237471, -0.933531, -3.61246, 2.65131, 3.00452, -0.107843, -0.901359, 0.132997, 0
0, -0.237738, -0.933531, -3.61246, 2.65131, 3.00452, -0.107843, -0.901359, 0.132997, 0
-1.90735e-008, -0.237737, -0.933531, -3.61246, 2.65131, 3.00452, -0.107843, -0.901359, 0.132997, 0
9.53674e-009, -0.23723, -0.933531, -3.61246, 2.65131, 3.00452, -0.107843, -0.901359, 0.132997, 2
0.1, -0.853255, 3.70867, -3.43397, 2.79007, 2.6522, -0.178084, -0.503464, 0.172213, 0
0.21, -0.409414, 1.68883, 0.490516, 3.08693, 2.49031, -0.241651, -0.652308, 0.221474, 0
0.42, 1.07159, 2.61914, 8.08069, 3.53927, 3.39028, -0.228574, 0.776852, 0.359648, 0
0.63, 0.434021, -0.14164, 9.15008, 3.79941, 5.19951, -0.0691045, 0.741909, 0.5, 0
0, -0.243874, -1.99183, -1.16213, 3.14141, -0.0500369, 0, -0.901359, 0.132997, 3
-0.00100001, -0.237737, -0.933531, -3.61246, 2.65131, 3.00452, -0.107843, -0.901359, 0.132997, 0
0, -0.23723, -0.933531, -3.61246, 2.65131, 3.00452, -0.107843, -0.901359, 0.132997, 0
-9.53674e-009, -0.23723, -0.933531, -3.61246, 2.65131, 3.00452, -0.107843, -0.901359, 0.132997, 0
4.76837e-009, -0.237568, -0.933531, -3.61246, 2.65131, 3.00452, -0.107843, -0.901359, 0.132997, 2
0.1, -0.851663, 3.71239, -3.43411, 2.79026, 2.65219, -0.178049, -0.502763, 0.172085, 0
0.21, -0.408249, 1.69263, 0.493632, 3.08753, 2.49046, -0.241496, -0.650818, 0.221145, 0
0.42, 1.07163, 2.61241, 8.08202, 3.53956, 3.39091, -0.228241, 0.777052, 0.359227, 0
0.63, 0.438514, -0.154492, 9.1275, 3.79764, 5.19791, -0.0684141, 0.745112, 0.5, 0
0, -0.243391, -1.89934, -1.19717, 3.14023, -0.0505878, 0, -0.901359, 0.132997, 3
-0.001, -0.23723, -0.933531, -3.61246, 2.65131, 3.00452, -0.107843, -0.901359, 0.132997, 0
0, -0.237568, -0.933531, -3.61246, 2.65131, 3.00452, -0.107843, -0.901359, 0.132997, 0
-4.76837e-009, -0.237568, -0.933531, -3.61246, 2.65131, 3.00452, -0.107843, -0.901359, 0.132997, 0
2.38419e-009, -0.237065, -0.933531, -3.61246, 2.65131, 3.00452, -0.107843, -0.901359, 0.132997, 2
0.1, -0.853371, 3.70859, -3.43369, 2.79007, 2.65221, -0.178083, -0.503436, 0.172219, 0
0.21, -0.409284, 1.68877, 0.490654, 3.08692, 2.49034, -0.241648, -0.652305, 0.221485, 0
0.42, 1.07158, 2.61962, 8.0805, 3.5393, 3.39031, -0.228562, 0.776933, 0.359644, 0
0.63, 0.434102, -0.143065, 9.14922, 3.79934, 5.19944, -0.0690828, 0.741919, 0.5, 0
0, -0.243709, -1.80814, -1.23203, 3.13902, -0.0511309, 0, -0.901359, 0.132997, 3
-0.001, -0.237568, -0.933531, -3.61246, 2.65131, 3.00452, -0.107843, -0.901359, 0.132997, 0
0, -0.237065, -0.933531, -3.61246, 2.65131, 3.00452, -0.107843, -0.901359, 0.132997, 0
-2.38419e-009, -0.237065, -0.933531, -3.61246, 2.65131, 3.00452, -0.107843, -0.901359, 0.132997, 0
1.19209e-009, -0.237545, -0.933531, -3.61246, 2.65131, 3.00452, -0.107843, -0.901359, 0.132997, 2
0.1, -0.851573, 3.71266, -3.43403, 2.79027, 2.65219, -0.178046, -0.5027, 0.172077, 0
0.21, -0.408128, 1.69289, 0.493913, 3.08757, 2.49049, -0.241483, -0.650706, 0.221123, 0
0.42, 1.07173, 2.61219, 8.08218, 3.53961, 3.39098, -0.228206, 0.777156, 0.359215, 0
0.63, 0.438418, -0.154803, 9.12816, 3.79763, 5.19806, -0.0683729, 0.745062, 0.5, 0
0, -0.243228, -1.71807, -1.26672, 3.13777, -0.0516665, 0, -0.901359, 0.132997, 3
-0.001, -0.237065, -0.933531, -3.61246, 2.65131, 3.00452, -0.107843, -0.901359, 0.132997, 0
0, -0.237545, -0.933531, -3.61246, 2.65131, 3.00452, -0.107843, -0.901359, 0.132997, 0
-1.19209e-009, -0.237545, -0.933531, -3.61246, 2.65131, 3.00452, -0.107843, -0.901359, 0.132997, 0
5.96046e-010, -0.237054, -0.933531, -3.61246, 2.65131, 3.00452, -0.107843, -0.901359, 0.132997, 2
0.1, -0.853377, 3.70859, -3.43367, 2.79007, 2.65221, -0.178082, -0.503433, 0.172219, 0
0.21, -0.409272, 1.68878, 0.490669, 3.08692, 2.49035, -0.241648, -0.652301, 0.221485, 0
0.42, 1.07158, 2.61964, 8.0805, 3.53931, 3.39032, -0.228561, 0.776942, 0.359643, 0
0.63, 0.434109, -0.143169, 9.14918, 3.79934, 5.19944, -0.06908, 0.741921, 0.5, 0
0, -0.243686, -1.62924, -1.30125, 3.13648, -0.0521946, 0, -0.901359, 0.132997, 3
-0.001, -0.237545, -0.933531, -3.61246, 2.65131, 3.00452, -0.107843, -0.901359, 0.132997, 0
0, -0.237054, -0.933531, -3.61246, 2.65131, 3.00452, -0.107843, -0.901359, 0.132997, 0
-5.96046e-010, -0.237054, -0.933531, -3.61246, 2.65131, 3.00452, -0.107843, -0.901359, 0.132997, 0
2.98023e-010, -0.237554, -0.933531, -3.61246, 2.65131, 3.00452, -0.107843, -0.901359, 0.132997, 2
0.1, -0.85165, 3.71244, -3.43407, 2.79026, 2.65219, -0.178048, -0.502748, 0.172084, 0
0.21, -0.40835, 1.69228, 0.493634, 3.08752, 2.49047, -0.241497, -0.650872, 0.221147, 0
0.42, 1.07178, 2.61285, 8.0819, 3.53956, 3.3909, -0.228242, 0.77711, 0.35927, 0
0.63, 0.437688, -0.152769, 9.13112, 3.79786, 5.19827, -0.0684638, 0.744592, 0.5, 0
0, -0.243217, -1.54148, -1.33563, 3.13516, -0.0527156, 0, -0.901359, 0.132997, 3
-0.001, -0.237054, -0.933531, -3.61246, 2.65131, 3.00452, -0.107843, -0.901359, 0.132997, 0
0, -0.237554, -0.933531, -3.61246, 2.65131, 3.00452, -0.107843, -0.901359, 0.132997, 0
-2.98023e-010, -0.237554, -0.933531, -3.61246, 2.65131, 3.00452, -0.107843, -0.901359, 0.132997, 0
1.49012e-010, -0.237111, -0.933531, -3.61246, 2.65131, 3.00452, -0.107843, -0.901359, 0.132997, 2
0.1, -0.853464, 3.70828, -3.43381, 2.79005, 2.6522, -0.178087, -0.503514, 0.172228, 0
0.21, -0.40945, 1.68846, 0.490303, 3.08687, 2.49031, -0.241664, -0.652442, 0.221511, 0
0.42, 1.07157, 2.62, 8.08046, 3.53926, 3.39024, -0.228599, 0.776872, 0.359682, 0
0.63, 0.433693, -0.141317, 9.15147, 3.79952, 5.19959, -0.0691545, 0.741647, 0.5, 0
0, -0.243695, -1.4549, -1.36987, 3.13381, -0.0532296, 0, -0.901359, 0.132997, 3
-0.001, -0.237554, -0.933531, -3.61246, 2.65131, 3.00452, -0.107843, -0.901359, 0.132997, 0
0, -0.237111, -0.933531, -3.61246, 2.65131, 3.00452, -0.107843, -0.901359, 0.132997, 0
-1.49012e-010, -0.237111, -0.933531, -3.61246, 2.65131, 3.00452, -0.107843, -0.901359, 0.132997, 0
7.45058e-011, -0.237131, -0.933531, -3.61246, 2.65131, 3.00452, -0.107843, -0.901359, 0.132997, 2
0.1, -0.851698, 3.7129, -3.43327, 2.79028, 2.65223, -0.178038, -0.502538, 0.172078, 0
0.21, -0.408312, 1.69111, 0.494343, 3.0875, 2.49059, -0.241477, -0.650912, 0.221144, 0
0.42, 1.07198, 2.61445, 8.08064, 3.53959, 3.39096, -0.228207, 0.7773, 0.359309, 0
0.63, 0.43678, -0.154901, 9.13085, 3.79784, 5.19817, -0.0684712, 0.74399, 0.5, 0
0, -0.243275, -1.36932, -1.40399, 3.13242, -0.0537367, 0, -0.901359, 0.132997, 3
-0.001, -0.237111, -0.933531, -3.61246, 2.65131, 3.00452, -0.107843, -0.901359, 0.132997, 0
0, -0.237131, -0.933531, -3.61246, 2.65131, 3.00452, -0.107843, -0.901359, 0.132997, 0
-7.45058e-011, -0.237131, -0.933531, -3.61246, 2.65131, 3.00452, -0.107843, -0.901359, 0.132997, 0
3.72529e-011, -0.237587, -0.933531, -3.61246, 2.65131, 3.00452, -0.107843, -0.901359, 0.132997, 2
0.1, -0.851514, 3.71275, -3.43409, 2.79027, 2.65219, -0.178045, -0.50269, 0.172073, 0
0.21, -0.408315, 1.69242, 0.493862, 3.08756, 2.49048, -0.241486, -0.650782, 0.221122, 0
0.42, 1.07176, 2.61234, 8.08185, 3.53956, 3.39093, -0.228225, 0.77708, 0.359238, 0
0.63, 0.438086, -0.153893, 9.12856, 3.7977, 5.19802, -0.0684191, 0.74488, 0.5, 0
0, -0.243276, -1.2848, -1.43797, 3.131, -0.0542372, 0, -0.901359, 0.132997, 3
-0.001, -0.237131, -0.933531, -3.61246, 2.65131, 3.00452, -0.107843, -0.901359, 0.132997, 0
0, -0.237587, -0.933531, -3.61246, 2.65131, 3.00452, -0.107843, -0.901359, 0.132997, 0
-3.72529e-011, -0.237587, -0.933531, -3.61246, 2.65131, 3.00452, -0.107843, -0.901359, 0.132997, 0
1.86265e-011, -0.237096, -0.933531, -3.61246, 2.65131, 3.00452, -0.107843, -0.901359, 0.132997, 2
0.1, -0.853382, 3.70852, -3.43376, 2.79006, 2.65221, -0.178084, -0.50346, 0.17222, 0
0.21, -0.409342, 1.6887, 0.490547, 3.08691, 2.49033, -0.241653, -0.65234, 0.22149, 0
0.42, 1.07158, 2.61966, 8.08052, 3.53929, 3.39029, -0.228573, 0.776909, 0.359654, 0
0.63, 0.433982, -0.142432, 9.14994, 3.7994, 5.19949, -0.069104, 0.741844, 0.5, 0
0, -0.243726, -1.20136, -1.47184, 3.12955, -0.0547311, 0, -0.901359, 0.132997, 3
-0.001, -0.237587, -0.933531, -3.61246, 2.65131, 3.00452, -0.107843, -0.901359, 0.132997, 0
0, -0.237096, -0.933531, -3.61246, 2.65131, 3.00452, -0.107843, -0.901359, 0.132997, 0
-1.86265e-011, -0.237096, -0.933531, -3.61246, 2.65131, 3.00452, -0.107843, -0.901359, 0.132997, 0
9.31323e-012, -0.237501, -0.933531, -3.61246, 2.65131, 3.00452, -0.107843, -0.901359, 0.132997, 2
0.1, -0.851694, 3.7124, -3.43399, 2.79026, 2.6522, -0.178048, -0.502743, 0.172086, 0
0.21, -0.408289, 1.69232, 0.493673, 3.08752, 2.49048, -0.241496, -0.650863, 0.221151, 0
0.42, 1.07176, 2.61296, 8.08188, 3.53957, 3.39091, -0.228238, 0.777136, 0.359265, 0
0.63, 0.437798, -0.153386, 9.13059, 3.79783, 5.19822, -0.0684506, 0.744646, 0.5, 0
0, -0.243259, -1.11883, -1.5056, 3.12806, -0.0552187, 0, -0.901359, 0.132997, 3
-0.001, -0.237096, -0.933531, -3.61246, 2.65131, 3.00452, -0.107843, -0.901359, 0.132997, 0
0, -0.237501, -0.933531, -3.61246, 2.65131, 3.00452, -0.107843, -0.901359, 0.132997, 0
-9.31323e-012, -0.237501, -0.933531, -3.61246, 2.65131, 3.00452, -0.107843, -0.901359, 0.132997, 0
4.65661e-012, -0.237059, -0.933531, -3.61246, 2.65131, 3.00452, -0.107843, -0.901359, 0.132997, 2
0.1, -0.85349, 3.70829, -3.43372, 2.79005, 2.65221, -0.178086, -0.503499, 0.172229, 0
0.21, -0.409397, 1.68847, 0.490373, 3.08687, 2.49032, -0.241662, -0.652429, 0.221512, 0
0.42, 1.07157, 2.62011, 8.08042, 3.53927, 3.39026, -0.228592, 0.776902, 0.359678, 0
0.63, 0.43375, -0.141874, 9.15105, 3.79949, 5.19956, -0.069142, 0.741672, 0.5, 0
0, -0.243643, -1.03733, -1.53925, 3.12654, -0.0557002, 0, -0.901359, 0.132997, 3
-0.001, -0.237501, -0.933531, -3.61246, 2.65131, 3.00452, -0.107843, -0.901359, 0.132997, 0
0, -0.237059, -0.933531, -3.61246, 2.65131, 3.00452, -0.107843, -0.901359, 0.132997, 0
-4.65661e-012, -0.237059, -0.933531, -3.61246, 2.65131, 3.00452, -0.107843, -0.901359, 0.132997, 0
2.32831e-012, -0.237534, -0.933531, -3.61246, 2.65131, 3.00452, -0.107843, -0.901359, 0.132997, 2
0.1, -0.8516, 3.7126, -3.43402, 2.79027, 2.65219, -0.178046, -0.502709, 0.172079, 0
0.21, -0.408139, 1.69283, 0.493874, 3.08757, 2.49049, -0.241485, -0.650726, 0.221128, 0
0.42, 1.0717, 2.61227, 8.08212, 3.5396, 3.39097, -0.228212, 0.777142, 0.359216, 0
0.63, 0.438461, -0.154924, 9.12785, 3.79762, 5.19801, -0.0683779, 0.745083, 0.5, 0
0, -0.243223, -0.956691, -1.57281, 3.12498, -0.0561756, 0, -0.901359, 0.132997, 3
-0.001, -0.237059, -0.933531, -3.61246, 2.65131, 3.00452, -0.107843, -0.901359, 0.132997, 0
0, -0.237534, -0.933531, -3.61246, 2.65131, 3.00452, -0.107843, -0.901359, 0.132997, 0
-2.32831e-012, -0.237534, -0.933531, -3.61246, 2.65131, 3.00452, -0.107843, -0.901359, 0.132997, 0
1.16415e-012, -0.23704, -0.933531, -3.61246, 2.65131, 3.00452, -0.107843, -0.901359, 0.132997, 2
0.1, -0.853384, 3.70859, -3.43365, 2.79007, 2.65221, -0.178082, -0.50343, 0.172219, 0
0.21, -0.409258, 1.68878, 0.490686, 3.08692, 2.49035, -0.241647, -0.652298, 0.221486, 0
0.42, 1.07158, 2.61967, 8.08049, 3.53931, 3.39032, -0.228559, 0.776949, 0.359642, 0
0.63, 0.434124, -0.143317, 9.14907, 3.79933, 5.19943, -0.0690769, 0.741928, 0.5, 0
0, -0.243674, -0.877039, -1.60627, 3.12339, -0.0566451, 0, -0.901359, 0.132997, 3
-0.001, -0.237534, -0.933531, -3.61246, 2.65131, 3.00452, -0.107843, -0.901359, 0.132997, 0
0, -0.23704, -0.933531, -3.61246, 2.65131, 3.00452, -0.107843, -0.901359, 0.132997, 0
-1.16415e-012, -0.23704, -0.933531, -3.61246, 2.65131, 3.00452, -0.107843, -0.901359, 0.132997, 0
5.82077e-013, -0.237446, -0.933531, -3.61246, 2.65131, 3.00452, -0.107843, -0.901359, 0.132997, 2
0.1, -0.851511, 3.71296, -3.43382, 2.79028, 2.6522, -0.178041, -0.50261, 0.172069, 0
0.21, -0.408221, 1.69227, 0.494176, 3.08757, 2.49052, -0.241475, -0.650738, 0.221113, 0
0.42, 1.07179, 2.61262, 8.08154, 3.53959, 3.39097, -0.228202, 0.777152, 0.359229, 0
0.63, 0.438107, -0.155408, 9.12718, 3.79759, 5.19789, -0.068388, 0.744886, 0.5, 0
0, -0.243204, -0.798198, -1.63964, 3.12177, -0.0571089, 0, -0.901359, 0.132997, 3
-0.001, -0.23704, -0.933531, -3.61246, 2.65131, 3.00452, -0.107843, -0.901359, 0.132997, 0
0, -0.237446, -0.933531, -3.61246, 2.65131, 3.00452, -0.107843, -0.901359, 0.132997, 0
-5.82077e-013, -0.237446, -0.933531, -3.61246, 2.65131, 3.00452, -0.107843, -0.901359, 0.132997, 0
2.91038e-013, -0.236958, -0.933531, -3.61246, 2.65131, 3.00452, -0.107843, -0.901359, 0.132997, 2
0.1, -0.853461, 3.7085, -3.43352, 2.79006, 2.65222, -0.178082, -0.503427, 0.172224, 0
0.21, -0.409211, 1.68871, 0.490708, 3.08691, 2.49036, -0.241648, -0.652316, 0.221496, 0
0.42, 1.07157, 2.62, 8.08039, 3.53932, 3.39033, -0.228558, 0.776987, 0.359646, 0
0.63, 0.434092, -0.143787, 9.14904, 3.79932, 5.19942, -0.0690763, 0.741883, 0.5, 0
0, -0.243587, -0.720285, -1.67292, 3.12011, -0.0575671, 0, -0.901359, 0.132997, 3
-0.001, -0.237446, -0.933531, -3.61246, 2.65131, 3.00452, -0.107843, -0.901359, 0.132997, 0
0, -0.236958, -0.933531, -3.61246, 2.65131, 3.00452, -0.107843, -0.901359, 0.132997, 0
-2.91038e-013, -0.236958, -0.933531, -3.61246, 2.65131, 3.00452, -0.107843, -0.901359, 0.132997, 0
1.45519e-013, -0.237682, -0.933531, -3.61246, 2.65131, 3.00452, -0.107843, -0.901359, 0.132997, 2
0.1, -0.851146, 3.71359, -3.43416, 2.79032, 2.65219, -0.178038, -0.502538, 0.172044, 0
0.21, -0.40835, 1.69243, 0.494403, 3.08765, 2.4905, -0.241461, -0.650613, 0.22106, 0
0.42, 1.07191, 2.61153, 8.08172, 3.53956, 3.39099, -0.228181, 0.77709, 0.359214, 0
0.63, 0.437975, -0.154097, 9.12752, 3.79759, 5.19796, -0.0683713, 0.744907, 0.5, 0
0, -0.243123, -0.64314, -1.70612, 3.11842, -0.0580199, 0, -0.901359, 0.132997, 3
-0.001, -0.236958, -0.933531, -3.61246, 2.65131, 3.00452, -0.107843, -0.901359, 0.132997, 0
0, -0.237682, -0.933531, -3.61246, 2.65131, 3.00452, -0.107843, -0.901359, 0.132997, 0
-1.45519e-013, -0.237682, -0.933531, -3.61246, 2.65131, 3.00452, -0.107843, -0.901359, 0.132997, 0
7.27596e-014, -0.237155, -0.933531, -3.61246, 2.65131, 3.00452, -0.107843, -0.901359, 0.132997, 2
0.1, -0.853278, 3.70871, -3.43384, 2.79007, 2.6522, -0.178083, -0.503435, 0.172213, 0
0.21, -0.409323, 1.68889, 0.490653, 3.08694, 2.49033, -0.241646, -0.652273, 0.221472, 0
0.42, 1.07159, 2.61924, 8.08064, 3.53929, 3.39031, -0.22856, 0.776902, 0.359638, 0
0.63, 0.434132, -0.142563, 9.14934, 3.79935, 5.19946, -0.0690792, 0.741966, 0.5, 0
0, -0.243817, -0.56693, -1.73924, 3.1167, -0.0584673, 0, -0.901359, 0.132997, 3
-0.001, -0.237682, -0.933531, -3.61246, 2.65131, 3.00452, -0.107843, -0.901359, 0.132997, 0
0, -0.237155, -0.933531, -3.61246, 2.65131, 3.00452, -0.107843, -0.901359, 0.132997, 0
-7.27596e-014, -0.237155, -0.933531, -3.61246, 2.65131, 3.00452, -0.107843, -0.901359, 0.132997, 0
3.63798e-014, -0.237507, -0.933531, -3.61246, 2.65131, 3.00452, -0.107843, -0.901359, 0.132997, 2
0.1, -0.854657, 3.7046, -3.43497, 2.78987, 2.65215, -0.178131, -0.504401, 0.172339, 0
0.21, -0.408889, 1.69198, 0.487454, 3.08668, 2.49003, -0.24177, -0.652665, 0.221709, 0
0.42, 1.06988, 2.61777, 8.08314, 3.5392, 3.38995, -0.228804, 0.776147, 0.35945, 0
0.63, 0.440376, -0.148173, 9.13226, 3.79851, 5.19756, -0.0690206, 0.745598, 0.5, 0
0, -0.243317, -0.491443, -1.77229, 3.11494, -0.0589096, 0, -0.901359, 0.132997, 3
-0.001, -0.237155, -0.933531, -3.61246, 2.65131, 3.00452, -0.107843, -0.901359, 0.132997, 0
0, -0.237507, -0.933531, -3.61246, 2.65131, 3.00452, -0.107843, -0.901359, 0.132997, 0
-3.63798e-014, -0.237507, -0.933531, -3.61246, 2.65131, 3.00452, -0.107843, -0.901359, 0.132997, 0
1.81899e-014, -0.237953, -0.933531, -3.61246, 2.65131, 3.00452, -0.107843, -0.901359, 0.132997, 2
0.1, -0.852889, 3.70863, -3.43525, 2.79007, 2.65213, -0.178094, -0.503663, 0.172199, 0
0.21, -0.409459, 1.69075, 0.489887, 3.08703, 2.49014, -0.24166, -0.652088, 0.221428, 0
0.42, 1.07072, 2.61485, 8.08166, 3.53912, 3.39015, -0.22864, 0.776086, 0.359408, 0
0.63, 0.438773, -0.146825, 9.12974, 3.79827, 5.19735, -0.0689186, 0.745075, 0.5, 0
0, -0.243678, -0.416796, -1.80526, 3.11316, -0.0593469, 0, -0.901359, 0.132997, 3
-0.001, -0.237507, -0.933531, -3.61246, 2.65131, 3.00452, -0.107843, -0.901359, 0.132997, 0
0, -0.237953, -0.933531, -3.61246, 2.65131, 3.00452, -0.107843, -0.901359, 0.132997, 0
-1.81899e-014, -0.237953, -0.933531, -3.61246, 2.65131, 3.00452, -0.107843, -0.901359, 0.132997, 0
9.09495e-015, -0.23765, -0.933531, -3.61246, 2.65131, 3.00452, -0.107843, -0.901359, 0.132997, 2
0.1, -0.851269, 3.71331, -3.43413, 2.7903, 2.65219, -0.17804, -0.502589, 0.172053, 0
0.21, -0.408385, 1.69228, 0.4942, 3.08761, 2.49049, -0.241471, -0.650697, 0.221082, 0
0.42, 1.07188, 2.61191, 8.08167, 3.53955, 3.39096, -0.228201, 0.777074, 0.359231, 0
0.63, 0.437885, -0.153755, 9.12818, 3.79766, 5.19799, -0.0684023, 0.74482, 0.5, 0
0, -0.244102, -0.342983, -1.83815, 3.11133, -0.0597792, 0, -0.901359, 0.132997, 3
-0.001, -0.237953, -0.933531, -3.61246, 2.65131, 3.00452, -0.107843, -0.901359, 0.132997, 0
0, -0.23765, -0.933531, -3.61246, 2.65131, 3.00452, -0.107843, -0.901359, 0.132997, 0
-9.09495e-015, -0.23765, -0.933531, -3.61246, 2.65131, 3.00452, -0.107843, -0.901359, 0.132997, 0
4.54747e-015, -0.23714, -0.933531, -3.61246, 2.65131, 3.00452, -0.107843, -0.901359, 0.132997, 2
0.1, -0.853328, 3.7086, -3.43382, 2.79007, 2.6522, -0.178084, -0.503454, 0.172217, 0
0.21, -0.409351, 1.68878, 0.490569, 3.08692, 2.49032, -0.241651, -0.652315, 0.221482, 0
0.42, 1.07159, 2.61944, 8.08059, 3.53929, 3.3903, -0.22857, 0.776897, 0.359649, 0
0.63, 0.434024, -0.142284, 9.14986, 3.79939, 5.19949, -0.0690975, 0.741886, 0.5, 0
0, -0.243786, -0.26987, -1.87096, 3.10948, -0.0602067, 0, -0.901359, 0.132997, 3
-0.001, -0.23765, -0.933531, -3.61246, 2.65131, 3.00452, -0.107843, -0.901359, 0.132997, 0
0, -0.23714, -0.933531, -3.61246, 2.65131, 3.00452, -0.107843, -0.901359, 0.132997, 0
-4.54747e-015, -0.23714, -0.933531, -3.61246, 2.65131, 3.00452, -0.107843, -0.901359, 0.132997, 0
2.27374e-015, -0.23755, -0.933531, -3.61246, 2.65131, 3.00452, -0.107843, -0.901359, 0.132997, 2
0.1, -0.851673, 3.71239, -3.43407, 2.79026, 2.65219, -0.178049, -0.502759, 0.172085, 0
0.21, -0.408225, 1.69266, 0.493655, 3.08753, 2.49047, -0.241495, -0.650811, 0.221145, 0
0.42, 1.07163, 2.61242, 8.08201, 3.53957, 3.39091, -0.228239, 0.77706, 0.359223, 0
0.63, 0.438578, -0.154781, 9.12716, 3.79762, 5.19787, -0.0684071, 0.745148, 0.5, 0
0, -0.243302, -0.197414, -1.90371, 3.10759, -0.0606296, 0, -0.901359, 0.132997, 3
-0.001, -0.23714, -0.933531, -3.61246, 2.65131, 3.00452, -0.107843, -0.901359, 0.132997, 0
0, -0.23755, -0.933531, -3.61246, 2.65131, 3.00452, -0.107843, -0.901359, 0.132997, 0
-2.27374e-015, -0.23755, -0.933531, -3.61246, 2.65131, 3.00452, -0.107843, -0.901359, 0.132997, 0
1.13687e-015, -0.237045, -0.933531, -3.61246, 2.65131, 3.00452, -0.107843, -0.901359, 0.132997, 2
0.1, -0.853376, 3.70861, -3.43366, 2.79007, 2.65221, -0.178082, -0.503428, 0.172219, 0
0.21, -0.409259, 1.68879, 0.490693, 3.08692, 2.49035, -0.241647, -0.652294, 0.221485, 0
0.42, 1.07158, 2.61964, 8.08049, 3.53931, 3.39032, -0.228558, 0.776946, 0.359641, 0
0.63, 0.434139, -0.143332, 9.14898, 3.79932, 5.19942, -0.0690754, 0.74194, 0.5, 0
0, -0.243692, -0.125741, -1.93638, 3.10567, -0.0610479, 0, -0.901359, 0.132997, 3
-0.001, -0.23755, -0.933531, -3.61246, 2.65131, 3.00452, -0.107843, -0.901359, 0.132997, 0
0, -0.237045, -0.933531, -3.61246, 2.65131, 3.00452, -0.107843, -0.901359, 0.132997, 0
-1.13687e-015, -0.237045, -0.933531, -3.61246, 2.65131, 3.00452, -0.107843, -0.901359, 0.132997, 0
5.68434e-016, -0.23751, -0.933531, -3.61246, 2.65131, 3.00452, -0.107843, -0.901359, 0.132997, 2
0.1, -0.851471, 3.71297, -3.43393, 2.79029, 2.6522, -0.178042, -0.502623, 0.172067, 0
0.21, -0.40818, 1.69257, 0.494156, 3.08759, 2.49051, -0.241474, -0.650689, 0.221106, 0
0.42, 1.07177, 2.61224, 8.0818, 3.53959, 3.39099, -0.228196, 0.777145, 0.359214, 0
0.63, 0.438318, -0.155369, 9.12697, 3.79757, 5.19791, -0.0683679, 0.745029, 0.5, 0
0, -0.243209, -0.054697, -1.96897, 3.10372, -0.0614618, 0, -0.901359, 0.132997, 3
-0.001, -0.237045, -0.933531, -3.61246, 2.65131, 3.00452, -0.107843, -0.901359, 0.132997, 0
0, -0.23751, -0.933531, -3.61246, 2.65131, 3.00452, -0.107843, -0.901359, 0.132997, 0
-5.68434e-016, -0.23751, -0.933531, -3.61246, 2.65131, 3.00452, -0.107843, -0.901359, 0.132997, 0
2.84217e-016, -0.237007, -0.933531, -3.61246, 2.65131, 3.00452, -0.107843, -0.901359, 0.132997, 2
0.1, -0.853394, 3.70861, -3.43359, 2.79007, 2.65222, -0.178082, -0.503416, 0.172219, 0
0.21, -0.409216, 1.68881, 0.49075, 3.08693, 2.49036, -0.241645, -0.652281, 0.221485, 0
0.42, 1.07158, 2.61972, 8.08047, 3.53932, 3.39034, -0.228552, 0.776972, 0.359637, 0
0.63, 0.434175, -0.143738, 9.14873, 3.7993, 5.1994, -0.0690651, 0.741955, 0.5, 0
0, -0.24365, 0.0155826, -2.00148, 3.10173, -0.0618713, 0, -0.901359, 0.132997, 3
-0.001, -0.23751, -0.933531, -3.61246, 2.65131, 3.00452, -0.107843, -0.901359, 0.132997, 0
0, -0.237007, -0.933531, -3.61246, 2.65131, 3.00452, -0.107843, -0.901359, 0.132997, 0
-2.84217e-016, -0.237007, -0.933531, -3.61246, 2.65131, 3.00452, -0.107843, -0.901359, 0.132997, 0
1.42109e-016, -0.237685, -0.933531, -3.61246, 2.65131, 3.00452, -0.107843, -0.901359, 0.132997, 2
0.1, -0.851384, 3.71296, -3.43424, 2.79028, 2.65218, -0.178044, -0.502672, 0.172064, 0
0.21, -0.408239, 1.69289, 0.493978, 3.08761, 2.49047, -0.241478, -0.650665, 0.221097, 0
0.42, 1.07172, 2.61154, 8.08214, 3.53957, 3.39096, -0.228207, 0.777051, 0.359197, 0
0.63, 0.438637, -0.154649, 9.1265, 3.79755, 5.19787, -0.0683646, 0.745262, 0.5, 0
0, -0.24317, 0.0852579, -2.03392, 3.09972, -0.0622766, 0, -0.901359, 0.132997, 3
-0.001, -0.237007, -0.933531, -3.61246, 2.65131, 3.00452, -0.107843, -0.901359, 0.132997, 0
0, -0.237685, -0.933531, -3.61246, 2.65131, 3.00452, -0.107843, -0.901359, 0.132997, 0
-1.42109e-016, -0.237685, -0.933531, -3.61246, 2.65131, 3.00452, -0.107843, -0.901359, 0.132997, 0
7.10543e-017, -0.237143, -0.933531, -3.61246, 2.65131, 3.00452, -0.107843, -0.901359, 0.132997, 2
0.1, -0.853244, 3.70882, -3.4338, 2.79008, 2.6522, -0.178081, -0.503409, 0.17221, 0
0.21, -0.40927, 1.68899, 0.49077, 3.08696, 2.49034, -0.241641, -0.652227, 0.221464, 0
0.42, 1.07159, 2.6191, 8.08065, 3.53931, 3.39034, -0.228549, 0.776918, 0.359624, 0
0.63, 0.434285, -0.143168, 9.14849, 3.79928, 5.1994, -0.069055, 0.742069, 0.5, 0
0, -0.243822, 0.154159, -2.06628, 3.09767, -0.0626778, 0, -0.901359, 0.132997, 3
-0.001, -0.237685, -0.933531, -3.61246, 2.65131, 3.00452, -0.107843, -0.901359, 0.132997, 0
0, -0.237143, -0.933531, -3.61246, 2.65131, 3.00452, -0.107843, -0.901359, 0.132997, 0
-7.10543e-017, -0.237143, -0.933531, -3.61246, 2.65131, 3.00452, -0.107843, -0.901359, 0.132997, 0
3.55271e-017, -0.237507, -0.933531, -3.61246, 2.65131, 3.00452, -0.107843, -0.901359, 0.132997, 2
0.1, -0.851578, 3.71269, -3.43396, 2.79027, 2.6522, -0.178045, -0.502682, 0.172076, 0
0.21, -0.408074, 1.69294, 0.493998, 3.08758, 2.4905, -0.24148, -0.65068, 0.22112, 0
0.42, 1.07178, 2.6123, 8.08223, 3.53963, 3.391, -0.228193, 0.777221, 0.35922, 0
0.63, 0.438243, -0.154738, 9.12917, 3.79767, 5.1982, -0.0683659, 0.744942, 0.5, 0
0, -0.243304, 0.222484, -2.09854, 3.09558, -0.0630749, 0, -0.901359, 0.132997, 3
-0.001, -0.237143, -0.933531, -3.61246, 2.65131, 3.00452, -0.107843, -0.901359, 0.132997, 0
0, -0.237507, -0.933531, -3.61246, 2.65131, 3.00452, -0.107843, -0.901359, 0.132997, 0
-3.55271e-017, -0.237507, -0.933531, -3.61246, 2.65131, 3.00452, -0.107843, -0.901359, 0.132997, 0
1.77636e-017, -0.23764, -0.933531, -3.61246, 2.65131, 3.00452, -0.107843, -0.901359, 0.132997, 2
0.1, -0.851476, 3.71278, -3.43418, 2.79028, 2.65219, -0.178046, -0.502698, 0.172071, 0
0.21, -0.408177, 1.69298, 0.493908, 3.08759, 2.49047, -0.241481, -0.650678, 0.22111, 0
0.42, 1.0717, 2.61174, 8.08223, 3.53959, 3.39097, -0.228208, 0.777087, 0.3592, 0
0.63, 0.438652, -0.154773, 9.127, 3.79757, 5.19793, -0.0683638, 0.745242, 0.5, 0
0, -0.243648, 0.290104, -2.13073, 3.09347, -0.0634681, 0, -0.901359, 0.132997, 3
-0.001, -0.237507, -0.933531, -3.61246, 2.65131, 3.00452, -0.107843, -0.901359, 0.132997, 0
0, -0.23764, -0.933531, -3.61246, 2.65131, 3.00452, -0.107843, -0.901359, 0.132997, 0
-1.77636e-017, -0.23764, -0.933531, -3.61246, 2.65131, 3.00452, -0.107843, -0.901359, 0.132997, 0
8.88178e-018, -0.237704, -0.933531, -3.61246, 2.65131, 3.00452, -0.107843, -0.901359, 0.132997, 2
0.1, -0.851411, 3.71286, -3.43429, 2.79028, 2.65218, -0.178046, -0.502698, 0.172067, 0
0.21, -0.40824, 1.69296, 0.493886, 3.0876, 2.49046, -0.241481, -0.650677, 0.221103, 0
0.42, 1.0717, 2.61153, 8.08224, 3.53957, 3.39095, -0.228213, 0.777045, 0.3592, 0
0.63, 0.438638, -0.154341, 9.12697, 3.79758, 5.19792, -0.0683711, 0.745256, 0.5, 0
0, -0.243778, 0.357062, -2.16281, 3.09132, -0.0638576, 0, -0.901359, 0.132997, 3
-0.001, -0.23764, -0.933531, -3.61246, 2.65131, 3.00452, -0.107843, -0.901359, 0.132997, 0
0, -0.237704, -0.933531, -3.61246, 2.65131, 3.00452, -0.107843, -0.901359, 0.132997, 0
-8.88178e-018, -0.237704, -0.933531, -3.61246, 2.65131, 3.00452, -0.107843, -0.901359, 0.132997, 0
4.44089e-018, -0.237673, -0.933531, -3.61246, 2.65131, 3.00452, -0.107843, -0.901359, 0.132997, 2
0.1, -0.85143, 3.71286, -3.43423, 2.79028, 2.65218, -0.178045, -0.502691, 0.172068, 0
0.21, -0.408196, 1.69301, 0.493927, 3.0876, 2.49047, -0.24148, -0.650663, 0.221103, 0
0.42, 1.07171, 2.61158, 8.08226, 3.53958, 3.39097, -0.228207, 0.777073, 0.359197, 0
0.63, 0.438662, -0.15463, 9.12692, 3.79756, 5.19793, -0.0683616, 0.745262, 0.5, 0
0, -0.243841, 0.423379, -2.1948, 3.08914, -0.0642433, 0, -0.901359, 0.132997, 3
-0.001, -0.237704, -0.933531, -3.61246, 2.65131, 3.00452, -0.107843, -0.901359, 0.132997, 0
0, -0.237673, -0.933531, -3.61246, 2.65131, 3.00452, -0.107843, -0.901359, 0.132997, 0
-4.44089e-018, -0.237673, -0.933531, -3.61246, 2.65131, 3.00452, -0.107843, -0.901359, 0.132997, 0
2.22045e-018, -0.237649, -0.933531, -3.61246, 2.65131, 3.00452, -0.107843, -0.901359, 0.132997, 2
0.1, -0.851433, 3.71288, -3.43419, 2.79028, 2.65219, -0.178045, -0.50268, 0.172067, 0
0.21, -0.408168, 1.69302, 0.493979, 3.08761, 2.49047, -0.241478, -0.650651, 0.221102, 0
0.42, 1.07172, 2.61163, 8.08224, 3.53959, 3.39098, -0.228201, 0.777095, 0.359196, 0
0.63, 0.438651, -0.154832, 9.12691, 3.79756, 5.19794, -0.0683549, 0.745252, 0.5, 0
0, -0.243811, 0.489075, -2.22669, 3.08693, -0.0646253, 0, -0.901359, 0.132997, 3
-0.001, -0.237673, -0.933531, -3.61246, 2.65131, 3.00452, -0.107843, -0.901359, 0.132997, 0
0, -0.237649, -0.933531, -3.61246, 2.65131, 3.00452, -0.107843, -0.901359, 0.132997, 0
-2.22045e-018, -0.237649, -0.933531, -3.61246, 2.65131, 3.00452, -0.107843, -0.901359, 0.132997, 0
1.11022e-018, -0.237687, -0.933531, -3.61246, 2.65131, 3.00452, -0.107843, -0.901359, 0.132997, 2
0.1, -0.851415, 3.71287, -3.43425, 2.79028, 2.65218, -0.178045, -0.502691, 0.172067, 0
0.21, -0.408199, 1.69303, 0.493929, 3.08761, 2.49046, -0.241479, -0.650657, 0.221101, 0
0.42, 1.07171, 2.61152, 8.08228, 3.53958, 3.39097, -0.228206, 0.77707, 0.359196, 0
0.63, 0.43867, -0.154564, 9.12694, 3.79756, 5.19793, -0.0683604, 0.745271, 0.5, 0
0, -0.243787, 0.554156, -2.25847, 3.08469, -0.0650039, 0, -0.901359, 0.132997, 3
-0.001, -0.237649, -0.933531, -3.61246, 2.65131, 3.00452, -0.107843, -0.901359, 0.132997, 0
0, -0.237687, -0.933531, -3.61246, 2.65131, 3.00452, -0.107843, -0.901359, 0.132997, 0
-1.11022e-018, -0.237687, -0.933531, -3.61246, 2.65131, 3.00452, -0.107843, -0.901359, 0.132997, 0
5.55112e-019, -0.23767, -0.933531, -3.61246, 2.65131, 3.00452, -0.107843, -0.901359, 0.132997, 2
0.1, -0.851415, 3.7129, -3.43422, 2.79028, 2.65218, -0.178045, -0.502681, 0.172066, 0
0.21, -0.408163, 1.69309, 0.493979, 3.08761, 2.49047, -0.241477, -0.650637, 0.221099, 0
0.42, 1.07172, 2.61151, 8.08231, 3.53959, 3.39098, -0.2282, 0.777092, 0.359192, 0
0.63, 0.438688, -0.154771, 9.1269, 3.79755, 5.19795, -0.0683505, 0.74528, 0.5, 0
0, -0.243824, 0.618617, -2.29013, 3.08242, -0.065379, 0, -0.901359, 0.132997, 3
-0.001, -0.237687, -0.933531, -3.61246, 2.65131, 3.00452, -0.107843, -0.901359, 0.132997, 0
0, -0.23767, -0.933531, -3.61246, 2.65131, 3.00452, -0.107843, -0.901359, 0.132997, 0
-5.55112e-019, -0.23767, -0.933531, -3.61246, 2.65131, 3.00452, -0.107843, -0.901359, 0.132997, 0
2.77556e-019, -0.23767, -0.933531, -3.61246, 2.65131, 3.00452, -0.107843, -0.901359, 0.132997, 2
0.1, -0.851424, 3.71287, -3.43422, 2.79028, 2.65218, -0.178045, -0.502686, 0.172067, 0
0.21, -0.40818, 1.69304, 0.493952, 3.08761, 2.49047, -0.241479, -0.650652, 0.221101, 0
0.42, 1.0717, 2.61155, 8.08227, 3.53959, 3.39097, -0.228204, 0.777078, 0.359193, 0
0.63, 0.438706, -0.154785, 9.12672, 3.79755, 5.19791, -0.0683553, 0.745291, 0.5, 0
0, -0.243807, 0.682472, -2.32167, 3.08011, -0.0657507, 0, -0.901359, 0.132997, 3
-0.001, -0.23767, -0.933531, -3.61246, 2.65131, 3.00452, -0.107843, -0.901359, 0.132997, 0
0, -0.23767, -0.933531, -3.61246, 2.65131, 3.00452, -0.107843, -0.901359, 0.132997, 0
-2.77556e-019, -0.23767, -0.933531, -3.61246, 2.65131, 3.00452, -0.107843, -0.901359, 0.132997, 0
1.38778e-019, -0.237671, -0.933531, -3.61246, 2.65131, 3.00452, -0.107843, -0.901359, 0.132997, 2
0.1, -0.851425, 3.71287, -3.43423, 2.79028, 2.65218, -0.178045, -0.502687, 0.172067, 0
0.21, -0.408181, 1.69304, 0.493949, 3.08761, 2.49047, -0.241479, -0.650653, 0.221102, 0
0.42, 1.07171, 2.61156, 8.08228, 3.53959, 3.39097, -0.228204, 0.777083, 0.359195, 0
0.63, 0.438666, -0.15468, 9.12695, 3.79756, 5.19794, -0.0683572, 0.745265, 0.5, 0
0, -0.243808, 0.745722, -2.35309, 3.07777, -0.0661192, 0, -0.901359, 0.132997, 3
-0.001, -0.23767, -0.933531, -3.61246, 2.65131, 3.00452, -0.107843, -0.901359, 0.132997, 0
0, -0.237671, -0.933531, -3.61246, 2.65131, 3.00452, -0.107843, -0.901359, 0.132997, 0
-1.38778e-019, -0.237671, -0.933531, -3.61246, 2.65131, 3.00452, -0.107843, -0.901359, 0.132997, 0
6.93889e-020, -0.237689, -0.933531, -3.61246, 2.65131, 3.00452, -0.107843, -0.901359, 0.132997, 2
0.1, -0.851429, 3.71284, -3.43426, 2.79028, 2.65218, -0.178046, -0.502699, 0.172068, 0
0.21, -0.408214, 1.693, 0.493892, 3.0876, 2.49046, -0.241481, -0.650672, 0.221104, 0
0.42, 1.0717, 2.61156, 8.08227, 3.53958, 3.39096, -0.22821, 0.77706, 0.359199, 0
0.63, 0.438657, -0.154468, 9.127, 3.79757, 5.19793, -0.0683667, 0.745261, 0.5, 0
0, -0.243808, 0.808369, -2.38436, 3.0754, -0.0664845, 0, -0.901359, 0.132997, 3
-0.001, -0.237671, -0.933531, -3.61246, 2.65131, 3.00452, -0.107843, -0.901359, 0.132997, 0
0, -0.237689, -0.933531, -3.61246, 2.65131, 3.00452, -0.107843, -0.901359, 0.132997, 0
-6.93889e-020, -0.237689, -0.933531, -3.61246, 2.65131, 3.00452, -0.107843, -0.901359, 0.132997, 0
3.46945e-020, -0.237667, -0.933531, -3.61246, 2.65131, 3.00452, -0.107843, -0.901359, 0.132997, 2
0.1, -0.851424, 3.71288, -3.43422, 2.79028, 2.65218, -0.178045, -0.502685, 0.172067, 0
0.21, -0.408196, 1.69298, 0.493949, 3.0876, 2.49047, -0.241479, -0.650661, 0.221102, 0
0.42, 1.07172, 2.61161, 8.08224, 3.53959, 3.39097, -0.228205, 0.777081, 0.359199, 0
0.63, 0.438614, -0.1546, 9.12707, 3.79757, 5.19795, -0.0683622, 0.745233, 0.5, 0
0, -0.243826, 0.870412, -2.41549, 3.073, -0.0668466, 0, -0.901359, 0.132997, 3
-0.001, -0.237689, -0.933531, -3.61246, 2.65131, 3.00452, -0.107843, -0.901359, 0.132997, 0
0, -0.237667, -0.933531, -3.61246, 2.65131, 3.00452, -0.107843, -0.901359, 0.132997, 0
-3.46945e-020, -0.237667, -0.933531, -3.61246, 2.65131, 3.00452, -0.107843, -0.901359, 0.132997, 0
1.73472e-020, -0.238156, -0.933531, -3.61246, 2.65131, 3.00452, -0.107843, -0.901359, 0.132997, 2
0.1, -0.850608, 3.71435, -3.43489, 2.79035, 2.65215, -0.178036, -0.502502, 0.172009, 0
0.21, -0.408246, 1.69394, 0.494648, 3.08781, 2.49044, -0.241437, -0.650245, 0.22097, 0
0.42, 1.07194, 2.60876, 8.08296, 3.53959, 3.39109, -0.228126, 0.777017, 0.359121, 0
0.63, 0.438917, -0.153401, 9.12593, 3.79741, 5.19802, -0.0682466, 0.745643, 0.5, 0
0, -0.243805, 0.93186, -2.44646, 3.07057, -0.0672058, 0, -0.901359, 0.132997, 3
-0.001, -0.237667, -0.933531, -3.61246, 2.65131, 3.00452, -0.107843, -0.901359, 0.132997, 0
0, -0.238156, -0.933531, -3.61246, 2.65131, 3.00452, -0.107843, -0.901359, 0.132997, 0
-1.73472e-020, -0.238156, -0.933531, -3.61246, 2.65131, 3.00452, -0.107843, -0.901359, 0.132997, 0
8.67362e-021, -0.237666, -0.933531, -3.61246, 2.65131, 3.00452, -0.107843, -0.901359, 0.132997, 2
0.1, -0.851426, 3.71288, -3.43422, 2.79028, 2.65218, -0.178045, -0.502685, 0.172067, 0
0.21, -0.408175, 1.69304, 0.49396, 3.08761, 2.49047, -0.241478, -0.65065, 0.221101, 0
0.42, 1.07171, 2.61157, 8.08227, 3.53959, 3.39097, -0.228203, 0.777086, 0.359195, 0
0.63, 0.438674, -0.154747, 9.12689, 3.79756, 5.19794, -0.0683554, 0.745269, 0.5, 0
0, -0.24428, 0.992633, -2.47727, 3.06811, -0.0675619, 0, -0.901359, 0.132997, 3
-0.001, -0.238156, -0.933531, -3.61246, 2.65131, 3.00452, -0.107843, -0.901359, 0.132997, 0
0, -0.237666, -0.933531, -3.61246, 2.65131, 3.00452, -0.107843, -0.901359, 0.132997, 0
-8.67362e-021, -0.237666, -0.933531, -3.61246, 2.65131, 3.00452, -0.107843, -0.901359, 0.132997, 0
4.33681e-021, -0.237694, -0.933531, -3.61246, 2.65131, 3.00452, -0.107843, -0.901359, 0.132997, 2
0.1, -0.851412, 3.71287, -3.43427, 2.79028, 2.65218, -0.178045, -0.502693, 0.172067, 0
0.21, -0.408209, 1.69302, 0.493917, 3.0876, 2.49046, -0.24148, -0.65066, 0.221101, 0
0.42, 1.07171, 2.61151, 8.08228, 3.53958, 3.39096, -0.228208, 0.777063, 0.359196, 0
0.63, 0.438668, -0.154497, 9.12695, 3.79757, 5.19793, -0.0683625, 0.745272, 0.5, 0
0, -0.243803, 1.05288, -2.5079, 3.06562, -0.0679152, 0, -0.901359, 0.132997, 3
-0.001, -0.237666, -0.933531, -3.61246, 2.65131, 3.00452, -0.107843, -0.901359, 0.132997, 0
0, -0.237694, -0.933531, -3.61246, 2.65131, 3.00452, -0.107843, -0.901359, 0.132997, 0
-4.33681e-021, -0.237694, -0.933531, -3.61246, 2.65131, 3.00452, -0.107843, -0.901359, 0.132997, 0
2.1684e-021, -0.237638, -0.933531, -3.61246, 2.65131, 3.00452, -0.107843, -0.901359, 0.132997, 2
0.1, -0.851485, 3.71276, -3.43418, 2.79027, 2.65219, -0.178046, -0.502702, 0.172072, 0
0.21, -0.40817, 1.693, 0.493896, 3.08759, 2.49047, -0.241482, -0.650679, 0.221111, 0
0.42, 1.07169, 2.61173, 8.08224, 3.53959, 3.39096, -0.228209, 0.777085, 0.359198, 0
0.63, 0.438696, -0.154858, 9.12685, 3.79756, 5.19792, -0.0683622, 0.745268, 0.5, 0
0, -0.243832, 1.11253, -2.53835, 3.0631, -0.0682657, 0, -0.901359, 0.132997, 3
-0.001, -0.237694, -0.933531, -3.61246, 2.65131, 3.00452, -0.107843, -0.901359, 0.132997, 0
0, -0.237638, -0.933531, -3.61246, 2.65131, 3.00452, -0.107843, -0.901359, 0.132997, 0
-2.1684e-021, -0.237638, -0.933531, -3.61246, 2.65131, 3.00452, -0.107843, -0.901359, 0.132997, 0
1.0842e-021, -0.237685, -0.933531, -3.61246, 2.65131, 3.00452, -0.107843, -0.901359, 0.132997, 2
0.1, -0.851412, 3.71288, -3.43425, 2.79028, 2.65218, -0.178045, -0.502688, 0.172066, 0
0.21, -0.408197, 1.69303, 0.49394, 3.08761, 2.49047, -0.241479, -0.650654, 0.2211, 0
0.42, 1.07171, 2.61152, 8.08228, 3.53958, 3.39097, -0.228205, 0.777071, 0.359195, 0
0.63, 0.438673, -0.1546, 9.12689, 3.79756, 5.19793, -0.0683591, 0.745274, 0.5, 0
0, -0.243776, 1.17159, -2.5686, 3.06054, -0.0686134, 0, -0.901359, 0.132997, 3
-0.001, -0.237638, -0.933531, -3.61246, 2.65131, 3.00452, -0.107843, -0.901359, 0.132997, 0
0, -0.237685, -0.933531, -3.61246, 2.65131, 3.00452, -0.107843, -0.901359, 0.132997, 0
-1.0842e-021, -0.237685, -0.933531, -3.61246, 2.65131, 3.00452, -0.107843, -0.901359, 0.132997, 0
5.42101e-022, -0.237682, -0.933531, -3.61246, 2.65131, 3.00452, -0.107843, -0.901359, 0.132997, 2
0.1, -0.851432, 3.71284, -3.43425, 2.79028, 2.65218, -0.178046, -0.502698, 0.172068, 0
0.21, -0.40821, 1.69299, 0.4939, 3.0876, 2.49046, -0.241481, -0.650672, 0.221105, 0
0.42, 1.0717, 2.61158, 8.08226, 3.53958, 3.39096, -0.22821, 0.777064, 0.359199, 0
0.63, 0.438656, -0.154523, 9.12697, 3.79757, 5.19793, -0.068366, 0.745259, 0.5, 0
0, -0.243823, 1.23003, -2.59864, 3.05796, -0.0689585, 0, -0.901359, 0.132997, 3
-0.001, -0.237685, -0.933531, -3.61246, 2.65131, 3.00452, -0.107843, -0.901359, 0.132997, 0
0, -0.237682, -0.933531, -3.61246, 2.65131, 3.00452, -0.107843, -0.901359, 0.132997, 0
-5.42101e-022, -0.237682, -0.933531, -3.61246, 2.65131, 3.00452, -0.107843, -0.901359, 0.132997, 0
2.71051e-022, -0.237691, -0.933531, -3.61246, 2.65131, 3.00452, -0.107843, -0.901359, 0.132997, 2
0.1, -0.851427, 3.71284, -3.43426, 2.79028, 2.65218, -0.178046, -0.5027, 0.172068, 0
0.21, -0.408205, 1.69303, 0.493896, 3.0876, 2.49046, -0.241481, -0.650666, 0.221104, 0
0.42, 1.0717, 2.61153, 8.08229, 3.53958, 3.39096, -0.228209, 0.777062, 0.359196, 0
0.63, 0.438687, -0.154521, 9.12693, 3.79757, 5.19793, -0.0683633, 0.74528, 0.5, 0
0, -0.243819, 1.28786, -2.62846, 3.05534, -0.0693009, 0, -0.901359, 0.132997, 3
-0.001, -0.237682, -0.933531, -3.61246, 2.65131, 3.00452, -0.107843, -0.901359, 0.132997, 0
0, -0.237691, -0.933531, -3.61246, 2.65131, 3.00452, -0.107843, -0.901359, 0.132997, 0
-2.71051e-022, -0.237691, -0.933531, -3.61246, 2.65131, 3.00452, -0.107843, -0.901359, 0.132997, 0
1.35525e-022, -0.237935, -0.933531, -3.61246, 2.65131, 3.00452, -0.107843, -0.901359, 0.132997, 2
0.1, -0.851621, 3.71199, -3.4348, 2.79024, 2.65215, -0.178058, -0.502945, 0.17209, 0
0.21, -0.408644, 1.69255, 0.492843, 3.08749, 2.49035, -0.241525, -0.650994, 0.221164, 0
0.42, 1.07146, 2.61169, 8.08227, 3.53943, 3.39073, -0.228324, 0.77672, 0.359241, 0
0.63, 0.438782, -0.151606, 9.12742, 3.79774, 5.19775, -0.0685081, 0.745332, 0.5, 0
0, -0.243828, 1.34508, -2.65804, 3.0527, -0.0696409, 0, -0.901359, 0.132997, 3
-0.001, -0.237691, -0.933531, -3.61246, 2.65131, 3.00452, -0.107843, -0.901359, 0.132997, 0
0, -0.237935, -0.933531, -3.61246, 2.65131, 3.00452, -0.107843, -0.901359, 0.132997, 0
-1.35525e-022, -0.237935, -0.933531, -3.61246, 2.65131, 3.00452, -0.107843, -0.901359, 0.132997, 0
6.77626e-023, -0.237669, -0.933531, -3.61246, 2.65131, 3.00452, -0.107843, -0.901359, 0.132997, 2
0.1, -0.851426, 3.71287, -3.43422, 2.79028, 2.65218, -0.178045, -0.502687, 0.172067, 0
0.21, -0.408183, 1.69303, 0.493948, 3.0876, 2.49047, -0.241479, -0.650654, 0.221102, 0
0.42, 1.07171, 2.61157, 8.08227, 3.53959, 3.39097, -0.228204, 0.77708, 0.359195, 0
0.63, 0.438677, -0.154716, 9.12687, 3.79756, 5.19793, -0.0683573, 0.745272, 0.5, 0
0, -0.244072, 1.40165, -2.68737, 3.05003, -0.0699783, 0, -0.901359, 0.132997, 3
-0.001, -0.237935, -0.933531, -3.61246, 2.65131, 3.00452, -0.107843, -0.901359, 0.132997, 0
0, -0.237669, -0.933531, -3.61246, 2.65131, 3.00452, -0.107843, -0.901359, 0.132997, 0
-6.77626e-023, -0.237669, -0.933531, -3.61246, 2.65131, 3.00452, -0.107843, -0.901359, 0.132997, 0
3.38813e-023, -0.23768, -0.933531, -3.61246, 2.65131, 3.00452, -0.107843, -0.901359, 0.132997, 2
0.1, -0.851412, 3.71289, -3.43424, 2.79028, 2.65218, -0.178045, -0.502686, 0.172066, 0
0.21, -0.408188, 1.69304, 0.493952, 3.08761, 2.49047, -0.241479, -0.65065, 0.2211, 0
0.42, 1.07171, 2.61152, 8.08228, 3.53959, 3.39097, -0.228204, 0.777078, 0.359195, 0
0.63, 0.438668, -0.154634, 9.12693, 3.79756, 5.19794, -0.0683571, 0.74527, 0.5, 0
0, -0.243807, 1.45763, -2.71644, 3.04733, -0.0703133, 0, -0.901359, 0.132997, 3
-0.001, -0.237669, -0.933531, -3.61246, 2.65131, 3.00452, -0.107843, -0.901359, 0.132997, 0
0, -0.23768, -0.933531, -3.61246, 2.65131, 3.00452, -0.107843, -0.901359, 0.132997, 0
-3.38813e-023, -0.23768, -0.933531, -3.61246, 2.65131, 3.00452, -0.107843, -0.901359, 0.132997, 0
1.69407e-023, -0.237683, -0.933531, -3.61246, 2.65131, 3.00452, -0.107843, -0.901359, 0.132997, 2
0.1, -0.851417, 3.71287, -3.43425, 2.79028, 2.65218, -0.178045, -0.50269, 0.172067, 0
0.21, -0.408192, 1.69304, 0.493936, 3.08761, 2.49047, -0.241479, -0.650654, 0.221101, 0
0.42, 1.07171, 2.61152, 8.08228, 3.53959, 3.39097, -0.228205, 0.777072, 0.359195, 0
0.63, 0.438689, -0.154638, 9.12685, 3.79756, 5.19793, -0.0683581, 0.745282, 0.5, 0
0, -0.243818, 1.51299, -2.74523, 3.0446, -0.070646, 0, -0.901359, 0.132997, 3
-0.001, -0.23768, -0.933531, -3.61246, 2.65131, 3.00452, -0.107843, -0.901359, 0.132997, 0
0, -0.237683, -0.933531, -3.61246, 2.65131, 3.00452, -0.107843, -0.901359, 0.132997, 0
-1.69407e-023, -0.237683, -0.933531, -3.61246, 2.65131, 3.00452, -0.107843, -0.901359, 0.132997, 0
8.47033e-024, -0.237686, -0.933531, -3.61246, 2.65131, 3.00452, -0.107843, -0.901359, 0.132997, 2
0.1, -0.851429, 3.71284, -3.43426, 2.79028, 2.65218, -0.178046, -0.502698, 0.172068, 0
0.21, -0.408202, 1.69303, 0.493902, 3.0876, 2.49046, -0.241481, -0.650666, 0.221104, 0
0.42, 1.07171, 2.61156, 8.08229, 3.53958, 3.39096, -0.228208, 0.77707, 0.359198, 0
0.63, 0.438648, -0.154466, 9.12713, 3.79758, 5.19795, -0.0683643, 0.745254, 0.5, 0
0, -0.24382, 1.56771, -2.77373, 3.04184, -0.0709763, 0, -0.901359, 0.132997, 3
-0.001, -0.237683, -0.933531, -3.61246, 2.65131, 3.00452, -0.107843, -0.901359, 0.132997, 0
0, -0.237686, -0.933531, -3.61246, 2.65131, 3.00452, -0.107843, -0.901359, 0.132997, 0
-8.47033e-024, -0.237686, -0.933531, -3.61246, 2.65131, 3.00452, -0.107843, -0.901359, 0.132997, 0
4.23516e-024, -0.23768, -0.933531, -3.61246, 2.65131, 3.00452, -0.107843, -0.901359, 0.132997, 2
0.1, -0.851441, 3.71282, -3.43425, 2.79028, 2.65218, -0.178046, -0.502701, 0.172069, 0
0.21, -0.408229, 1.69293, 0.493878, 3.08759, 2.49046, -0.241482, -0.650688, 0.221107, 0
0.42, 1.0717, 2.61164, 8.08222, 3.53957, 3.39095, -0.228214, 0.777056, 0.359202, 0
0.63, 0.438616, -0.154426, 9.12706, 3.79758, 5.19793, -0.0683732, 0.745233, 0.5, 0
0, -0.243824, 1.62178, -2.80191, 3.03905, -0.0713045, 0, -0.901359, 0.132997, 3
-0.001, -0.237686, -0.933531, -3.61246, 2.65131, 3.00452, -0.107843, -0.901359, 0.132997, 0
0, -0.23768, -0.933531, -3.61246, 2.65131, 3.00452, -0.107843, -0.901359, 0.132997, 0
-4.23516e-024, -0.23768, -0.933531, -3.61246, 2.65131, 3.00452, -0.107843, -0.901359, 0.132997, 0
2.11758e-024, -0.237737, -0.933531, -3.61246, 2.65131, 3.00452, -0.107843, -0.901359, 0.132997, 2
0.1, -0.851828, 3.71172, -3.43449, 2.79022, 2.65217, -0.178058, -0.502949, 0.172103, 0
0.21, -0.408694, 1.69189, 0.492774, 3.08742, 2.49038, -0.241533, -0.651142, 0.221198, 0
0.42, 1.07175, 2.6133, 8.08211, 3.53947, 3.39074, -0.228323, 0.776959, 0.359344, 0
0.63, 0.436961, -0.148569, 9.13627, 3.79826, 5.19867, -0.0686107, 0.744108, 0.5, 0
0, -0.243817, 1.6752, -2.82977, 3.03623, -0.0716304, 0, -0.901359, 0.132997, 3
-0.001, -0.23768, -0.933531, -3.61246, 2.65131, 3.00452, -0.107843, -0.901359, 0.132997, 0
0, -0.237737, -0.933531, -3.61246, 2.65131, 3.00452, -0.107843, -0.901359, 0.132997, 0
-2.11758e-024, -0.237737, -0.933531, -3.61246, 2.65131, 3.00452, -0.107843, -0.901359, 0.132997, 0
1.05879e-024, -0.237674, -0.933531, -3.61246, 2.65131, 3.00452, -0.107843, -0.901359, 0.132997, 2
0.1, -0.851421, 3.71288, -3.43423, 2.79028, 2.65218, -0.178045, -0.502687, 0.172067, 0
0.21, -0.408187, 1.69303, 0.493948, 3.08761, 2.49047, -0.241479, -0.650654, 0.221101, 0
0.42, 1.07171, 2.61155, 8.08227, 3.53959, 3.39097, -0.228204, 0.777078, 0.359195, 0
0.63, 0.43867, -0.154672, 9.1269, 3.79756, 5.19793, -0.0683578, 0.745269, 0.5, 0
0, -0.243878, 1.72795, -2.85729, 3.03339, -0.0719542, 0, -0.901359, 0.132997, 3
-0.001, -0.237737, -0.933531, -3.61246, 2.65131, 3.00452, -0.107843, -0.901359, 0.132997, 0
0, -0.237674, -0.933531, -3.61246, 2.65131, 3.00452, -0.107843, -0.901359, 0.132997, 0
-1.05879e-024, -0.237674, -0.933531, -3.61246, 2.65131, 3.00452, -0.107843, -0.901359, 0.132997, 0
5.29396e-025, -0.237674, -0.933531, -3.61246, 2.65131, 3.00452, -0.107843, -0.901359, 0.132997, 2
0.1, -0.851423, 3.71287, -3.43423, 2.79028, 2.65218, -0.178045, -0.502688, 0.172067, 0
0.21, -0.408186, 1.69303, 0.493945, 3.08761, 2.49047, -0.241479, -0.650654, 0.221102, 0
0.42, 1.07171, 2.61156, 8.08227, 3.53959, 3.39097, -0.228205, 0.777079, 0.359195, 0
0.63, 0.438672, -0.154673, 9.12691, 3.79756, 5.19793, -0.0683579, 0.74527, 0.5, 0
0, -0.243812, 1.78004, -2.88444, 3.03052, -0.072276, 0, -0.901359, 0.132997, 3
-0.001, -0.237674, -0.933531, -3.61246, 2.65131, 3.00452, -0.107843, -0.901359, 0.132997, 0
0, -0.237674, -0.933531, -3.61246, 2.65131, 3.00452, -0.107843, -0.901359, 0.132997, 0
-5.29396e-025, -0.237674, -0.933531, -3.61246, 2.65131, 3.00452, -0.107843, -0.901359, 0.132997, 0
2.64698e-025, -0.237688, -0.933531, -3.61246, 2.65131, 3.00452, -0.107843, -0.901359, 0.132997, 2
0.1, -0.851407, 3.71289, -3.43425, 2.79028, 2.65218, -0.178045, -0.502687, 0.172066, 0
0.21, -0.408192, 1.69305, 0.493947, 3.08761, 2.49047, -0.241479, -0.650649, 0.221099, 0
0.42, 1.07171, 2.61149, 8.08228, 3.53958, 3.39097, -0.228204, 0.77707, 0.359193, 0
0.63, 0.438698, -0.154651, 9.12679, 3.79755, 5.19792, -0.0683565, 0.745291, 0.5, 0
0, -0.243811, 1.83144, -2.91121, 3.02762, -0.0725957, 0, -0.901359, 0.132997, 3
-0.001, -0.237674, -0.933531, -3.61246, 2.65131, 3.00452, -0.107843, -0.901359, 0.132997, 0
0, -0.237688, -0.933531, -3.61246, 2.65131, 3.00452, -0.107843, -0.901359, 0.132997, 0
-2.64698e-025, -0.237688, -0.933531, -3.61246, 2.65131, 3.00452, -0.107843, -0.901359, 0.132997, 0
1.32349e-025, -0.237678, -0.933531, -3.61246, 2.65131, 3.00452, -0.107843, -0.901359, 0.132997, 2
0.1, -0.851458, 3.71277, -3.43425, 2.79028, 2.65218, -0.178046, -0.50271, 0.17207, 0
0.21, -0.4082, 1.69302, 0.493859, 3.08759, 2.49046, -0.241483, -0.650679, 0.221109, 0
0.42, 1.07169, 2.61161, 8.08229, 3.53958, 3.39096, -0.228212, 0.777064, 0.359198, 0
0.63, 0.438694, -0.154542, 9.12699, 3.79757, 5.19793, -0.0683667, 0.745276, 0.5, 0
0, -0.243825, 1.88216, -2.93759, 3.0247, -0.0729134, 0, -0.901359, 0.132997, 3
-0.001, -0.237688, -0.933531, -3.61246, 2.65131, 3.00452, -0.107843, -0.901359, 0.132997, 0
