0, 1.19768, 0, 0, 3.14159, 3.14159, 0, 0, 0, 0
0.1, 0.419687, 1.91009, 1.49734, 3.47502, 3.15052, 0.0568799, 0.607307, 0.0704412, 0
0.1, 0.518051, 0, 1.49734, 3.47502, 3.15052, 0.0568799, 0.607307, 0.0704412, 0
0.2, 1.05152, -1.29917, 3.10786, 3.33588, 3.42581, 0.125193, 0.864658, 0.134402, 0
0.2, 1.12966, 0, 3.10786, 3.33588, 3.42581, 0.125193, 0.864658, 0.134402, 0
0.3, 1.2, 1.82468, 1.05316, 3.46239, 3.6327, 0.230273, 1.15335, 0.270126, 0
0.3, 1.2, 0, 0, 0, 0, 0, 0, 0, 0
0.3, 0.00847574, 0, 0, 0, 0, 0, 0, 0, 0
0.4, 0.494787, -2.79534, 0.766365, -0.103276, 0.023898, 0.0126299, 0.317297, 0.00830267, 0
0.4, 0.955577, 0, 0.766365, -0.103276, 0.023898, 0.0126299, 0.317297, 0.00830267, 0
0.5, 1.2, -7.39259, 2.43891, -0.541589, 0.218457, 0.0910574, 1.06037, 0.124963, 0
0.5, -0.725322, 0, 2.43891, -0.541589, 0.218457, 0.0910574, 1.06037, 0.124963, 0
0.6, -1.2, 9.04793, 6.24984, -0.0508438, 0.788361, 0.0716493, -0.885401, 0.219513, 0
0.6, -0.834814, 0, 6.24984, -0.0508438, 0.788361, 0.0716493, -0.885401, 0.219513, 0
0.7, -1.2, 4.40371, 9.36714, 0.0918803, 1.5722, -0.0227506, -1.07125, 0.324136, 0
0.7, 1.01106, 0, 9.36714, 0.0918803, 1.5722, -0.0227506, -1.07125, 0.324136, 0
0.8, 0.680601, -0.454586, 17.2805, -0.219537, 2.84858, -0.00557025, 0.635149, 0.396588, 0
0.8, 1.2, 0, 17.2805, -0.219537, 2.84858, -0.00557025, 0.635149, 0.396588, 0
0.9, -0.203321, -11.9186, 12.4835, -0.869018, 4.21606, 0.0590037, 0.261986, 0.437834, 0
0.9, -0.10382, 0, 12.4835, -0.869018, 4.21606, 0.0590037, 0.261986, 0.437834, 0
1, -1.053, -6.34135, 12.4899, -1.30023, 5.47178, 0.0383238, -0.678797, 0.478797, 0
1, 1.2, 0, 12.4899, -1.30023, 5.47178, 0.0383238, -0.678797, 0.478797, 0
1.1, 1.2, -2.45766, 4.5145, -1.34269, 6.14935, 0.0900133, 1.05058, 0.622797, 0
1.1, 1.2, 0, 4.5145, -1.34269, 6.14935, 0.0900133, 1.05058, 0.622797, 0
1.2, -0.722082, -1.53079, 10.5121, -1.50296, 6.81447, 0.156794, -0.0351215, 0.659294, 0
1.2, -0.722082, 0, 0, 0, 0, 0, 0, 0, 0
1.2, 1.2, 0, 0, 0, 0, 0, 0, 0, 0
1.3, 0.653002, -7.2848, 1.55675, -0.516872, 0.102672, 0.0627704, 0.75645, 0.0883338, 0
1.3, 0.653002, 0, 0, 0, 0, 0, 0, 0, 0
1.3, 0.961147, 0, 0, 0, 0, 0, 0, 0, 0
1.4, 1.2, -8.63446, 1.05614, -0.534686, 0.0935912, 0.067107, 1.03672, 0.117239, 0
1.4, 1.2, 0, 0, 0, 0, 0, 0, 0, 0
1.4, 0.961147, 0, 0, 0, 0, 0, 0, 0, 0
1.5, 1.2, -8.63446, 1.05614, -0.534686, 0.0935912, 0.067107, 1.03672, 0.117239, 0
1.5, 1.2, 0, 0, 0, 0, 0, 0, 0, 0
1.5, 0.961147, 0, 0, 0, 0, 0, 0, 0, 0
1.6, 1.2, -8.63446, 1.05614, -0.534686, 0.0935912, 0.067107, 1.03672, 0.117239, 0
1.6, 1.2, 0, 0, 0, 0, 0, 0, 0, 0
1.6, 0.961147, 0, 0, 0, 0, 0, 0, 0, 0
1.7, 1.2, -8.63446, 1.05614, -0.534686, 0.0935912, 0.067107, 1.03672, 0.117239, 0
1.7, 1.2, 0, 0, 0, 0, 0, 0, 0, 0
1.7, 0.961147, 0, 0, 0, 0, 0, 0, 0, 0
1.8, 1.2, -8.63446, 1.05614, -0.534686, 0.0935912, 0.067107, 1.03672, 0.117239, 0
1.8, 1.2, 0, 0, 0, 0, 0, 0, 0, 0
1.8, 0.952165, 0, 0, 0, 0, 0, 0, 0, 0
1.9, 1.2, -8.61716, 1.06607, -0.532149, 0.0935034, 0.0667586, 1.03417, 0.116307, 0
1.9, 1.2, 0, 0, 0, 0, 0, 0, 0, 0
1.9, 0.953001, 0, 0, 0, 0, 0, 0, 0, 0
2, 1.2, -8.61877, 1.06515, -0.532385, 0.0935118, 0.0667911, 1.0344, 0.116394, 0
2, 0.953001, 0, 1.06515, -0.532385, 0.0935118, 0.0667911, 1.0344, 0.116394, 0
2.1, 1.2, -5.06469, 3.8415, -0.7902, 0.374007, 0.171192, 1.11667, 0.232787, 0
2.1, 1.2, 0, 0, 0, 0, 0, 0, 0, 0
2.1, 1.2, 0, 0, 0, 0, 0, 0, 0, 0
2.2, -0.234449, -3.82227, 2.10638, -0.369001, 0.10161, 0.0407068, 0.191664, 0.0404542, 0
2.2, -0.234449, 0, 0, 0, 0, 0, 0, 0, 0
2.2, 0.953001, 0, 0, 0, 0, 0, 0, 0, 0
2.3, 1.2, -8.61877, 1.06515, -0.532385, 0.0935118, 0.0667911, 1.0344, 0.116394, 0
2.3, 1.2, 0, 0, 0, 0, 0, 0, 0, 0
2.3, 0.953001, 0, 0, 0, 0, 0, 0, 0, 0
2.4, 1.2, -8.61877, 1.06515, -0.532385, 0.0935118, 0.0667911, 1.0344, 0.116394, 0
2.4, 1.2, 0, 0, 0, 0, 0, 0, 0, 0
2.4, 0.953001, 0, 0, 0, 0, 0, 0, 0, 0
2.5, 1.2, -8.61877, 1.06515, -0.532385, 0.0935118, 0.0667911, 1.0344, 0.116394, 0
2.5, 1.2, 0, 0, 0, 0, 0, 0, 0, 0
2.5, 0.953001, 0, 0, 0, 0, 0, 0, 0, 0
2.6, 1.2, -8.61877, 1.06515, -0.532385, 0.0935118, 0.0667911, 1.0344, 0.116394, 0
2.6, 1.2, 0, 0, 0, 0, 0, 0, 0, 0
2.6, 0.953001, 0, 0, 0, 0, 0, 0, 0, 0
2.7, 1.2, -8.61877, 1.06515, -0.532385, 0.0935118, 0.0667911, 1.0344, 0.116394, 0
2.7, 1.2, 0, 0, 0, 0, 0, 0, 0, 0
2.7, 0.953001, 0, 0, 0, 0, 0, 0, 0, 0
2.8, 1.2, -8.61877, 1.06515, -0.532385, 0.0935118, 0.0667911, 1.0344, 0.116394, 0
2.8, 1.2, 0, 0, 0, 0, 0, 0, 0, 0
2.8, 0.953001, 0, 0, 0, 0, 0, 0, 0, 0
2.9, 1.2, -8.61877, 1.06515, -0.532385, 0.0935118, 0.0667911, 1.0344, 0.116394, 0
2.9, 1.2, 0, 0, 0, 0, 0, 0, 0, 0
2.9, 0.953001, 0, 0, 0, 0, 0, 0, 0, 0
3, 1.2, -8.61877, 1.06515, -0.532385, 0.0935118, 0.0667911, 1.0344, 0.116394, 0
3, 1.2, 0, 0, 0, 0, 0, 0, 0, 0
3, 0.953001, 0, 0, 0, 0, 0, 0, 0, 0
3.1, 1.2, -8.61877, 1.06515, -0.532385, 0.0935118, 0.0667911, 1.0344, 0.116394, 0
3.1, 1.2, 0, 0, 0, 0, 0, 0, 0, 0
3.1, 0.953001, 0, 0, 0, 0, 0, 0, 0, 0
3.2, 1.2, -8.61877, 1.06515, -0.532385, 0.0935118, 0.0667911, 1.0344, 0.116394, 0
3.2, 1.2, 0, 0, 0, 0, 0, 0, 0, 0
3.2, 0.953001, 0, 0, 0, 0, 0, 0, 0, 0
3.3, 1.2, -8.61877, 1.06515, -0.532385, 0.0935118, 0.0667911, 1.0344, 0.116394, 0
3.3, 1.2, 0, 0, 0, 0, 0, 0, 0, 0
3.3, 0.953001, 0, 0, 0, 0, 0, 0, 0, 0
3.4, 1.2, -8.61877, 1.06515, -0.532385, 0.0935118, 0.0667911, 1.0344, 0.116394, 0
3.4, 1.2, 0, 0, 0, 0, 0, 0, 0, 0
3.4, 0.953001, 0, 0, 0, 0, 0, 0, 0, 0
3.5, 1.2, -8.61877, 1.06515, -0.532385, 0.0935118, 0.0667911, 1.0344, 0.116394, 0
3.5, 1.2, 0, 0, 0, 0, 0, 0, 0, 0
3.5, 0.953001, 0, 0, 0, 0, 0, 0, 0, 0
3.6, 1.2, -8.61877, 1.06515, -0.532385, 0.0935118, 0.0667911, 1.0344, 0.116394, 0
3.6, 1.2, 0, 0, 0, 0, 0, 0, 0, 0
3.6, 0.953001, 0, 0, 0, 0, 0, 0, 0, 0
3.7, 1.2, -8.61877, 1.06515, -0.532385, 0.0935118, 0.0667911, 1.0344, 0.116394, 0
3.7, 1.2, 0, 0, 0, 0, 0, 0, 0, 0
3.7, 0.953001, 0, 0, 0, 0, 0, 0, 0, 0
3.8, 1.2, -8.61877, 1.06515, -0.532385, 0.0935118, 0.0667911, 1.0344, 0.116394, 0
3.8, 1.2, 0, 0, 0, 0, 0, 0, 0, 0
3.8, 0.953001, 0, 0, 0, 0, 0, 0, 0, 0
3.9, 1.2, -8.61877, 1.06515, -0.532385, 0.0935118, 0.0667911, 1.0344, 0.116394, 0
3.9, 1.2, 0, 0, 0, 0, 0, 0, 0, 0
3.9, 0.953001, 0, 0, 0, 0, 0, 0, 0, 0
4, 1.2, -8.61877, 1.06515, -0.532385, 0.0935118, 0.0667911, 1.0344, 0.116394, 0
4, 0.953001, 0, 1.06515, -0.532385, 0.0935118, 0.0667911, 1.0344, 0.116394, 0
4.1, 1.2, -5.06469, 3.8415, -0.7902, 0.374007, 0.171192, 1.11667, 0.232787, 0
4.1, 1.2, 0, 3.8415, -0.7902, 0.374007, 0.171192, 1.11667, 0.232787, 0
4.2, -0.234455, 1.97681, 9.96995, -0.810342, 1.01487, 0.252499, 0.280466, 0.273242, 0
4.2, 0.173871, 0, 9.96995, -0.810342, 1.01487, 0.252499, 0.280466, 0.273242, 0
4.3, 0.79028, 7.24513, 18.3991, -0.497609, 2.3757, 0.289087, 0.574639, 0.299648, 0
4.3, 1.2, 0, 18.3991, -0.497609, 2.3757, 0.289087, 0.574639, 0.299648, 0
4.4, 0.204878, -16.3935, 16.7811, -1.19489, 3.98956, 0.361609, 0.516957, 0.357242, 0
4.4, -0.484081, 0, 16.7811, -1.19489, 3.98956, 0.361609, 0.516957, 0.357242, 0
4.5, -1.18875, -4.20737, 14.825, -1.73939, 5.68714, 0.332078, -0.85293, 0.431339, 0
4.5, 1.15367, 0, 14.825, -1.73939, 5.68714, 0.332078, -0.85293, 0.431339, 0
4.6, -0.136251, 2.31507, 8.60009, -1.48695, 6.60403, 0.342418, 0.173168, 0.471083, 0
4.6, -0.368713, 0, 8.60009, -1.48695, 6.60403, 0.342418, 0.173168, 0.471083, 0
4.7, 1.2, -1.28311, 9.91448, -1.48961, 7.59611, 0.36425, 0.672731, 0.508866, 0
4.7, 0.849605, 0, 9.91448, -1.48961, 7.59611, 0.36425, 0.672731, 0.508866, 0
4.8, -1.2, -9.81101, 6.52103, -1.86398, 8.49806, 0.391823, -0.468858, 0.546943, 0
4.8, -1.2, 0, 6.52103, -1.86398, 8.49806, 0.391823, -0.468858, 0.546943, 0
4.9, 0.529944, -8.74602, 12.1361, -2.3142, 9.2279, 0.341416, -0.0408938, 0.583107, 0
4.9, 0.183359, 0, 12.1361, -2.3142, 9.2279, 0.341416, -0.0408938, 0.583107, 0
5, 0.158465, -2.39732, 12.0892, -2.86977, 10.786, 0.350979, 0.149682, 0.586033, 0
5, 0.918202, 0, 12.0892, -2.86977, 10.786, 0.350979, 0.149682, 0.586033, 0
5.1, -0.191288, 3.59008, 5.76063, -2.46127, 11.6105, 0.387273, 0.150988, 0.609501, 0
5.1, 1.08266, 0, 5.76063, -2.46127, 11.6105, 0.387273, 0.150988, 0.609501, 0
5.2, 1.2, 0.672973, -0.789164, -2.32273, 11.8088, 0.464582, 1.08324, 0.739879, 0
5.2, 1.2, 0, -0.789164, -2.32273, 11.8088, 0.464582, 1.08324, 0.739879, 0
5.3, -1.2, -11.5502, -3.27962, -2.79414, 11.6649, 0.520669, -0.336678, 0.787879, 0
5.3, 0.547316, 0, -3.27962, -2.79414, 11.6649, 0.520669, -0.336678, 0.787879, 0
5.4, 0.0218916, 3.26938, -9.06398, -2.57346, 11.0375, 0.530197, 0.142627, 0.798279, 0
5.4, 1.2, 0, -9.06398, -2.57346, 11.0375, 0.530197, 0.142627, 0.798279, 0
5.5, 1.2, 1.65701, -11.686, -1.98812, 9.64377, 0.611752, 1.11591, 0.942279, 0
5.5, -0.369546, 0, -11.686, -1.98812, 9.64377, 0.611752, 1.11591, 0.942279, 0
5.6, -0.299041, -19.5326, 0.38887, -3.02487, 8.7009, 0.630559, -0.206541, 0.953496, 0
5.6, 1.2, 0, 0.38887, -3.02487, 8.7009, 0.630559, -0.206541, 0.953496, 0
5.7, -1.19076, -5.90765, 5.88562, -3.02715, 9.00287, 0.639981, -0.433373, 1.00113, 0
5.7, -1.2, 0, 5.88562, -3.02715, 9.00287, 0.639981, -0.433373, 1.00113, 0
5.8, -0.301793, -0.707901, 6.02959, -3.3433, 9.75077, 0.570186, -0.567401, 1.06424, 0
5.8, -0.454908, 0, 6.02959, -3.3433, 9.75077, 0.570186, -0.567401, 1.06424, 0
5.9, 0.928723, 12.1619, -2.2224, -2.79151, 10.0078, 0.555004, 0.416707, 1.0858, 0
5.9, 0.160429, 0, -2.2224, -2.79151, 10.0078, 0.555004, 0.416707, 1.0858, 0
6, -0.205522, -3.69493, -3.40628, -3.00547, 9.73556, 0.571267, -0.052086, 1.08697, 0
6, -0.0599796, 0, -3.40628, -3.00547, 9.73556, 0.571267, -0.052086, 1.08697, 0
6.1, -0.0624796, -1.08377, -3.15402, -3.03184, 9.37013, 0.565494, -0.0609429, 1.08735, 0
6.1, -1.02344, 0, -3.15402, -3.03184, 9.37013, 0.565494, -0.0609429, 1.08735, 0
6.2, -1.2, -6.85833, -1.70276, -3.56639, 9.20672, 0.493755, -1.05926, 1.2112, 0
6.2, -1.17482, 0, -1.70276, -3.56639, 9.20672, 0.493755, -1.05926, 1.2112, 0
6.3, -0.258706, 5.55318, -2.38701, -3.29139, 8.95293, 0.403251, -0.582603, 1.26957, 0
6.3, -0.340719, 0, -2.38701, -3.29139, 8.95293, 0.403251, -0.582603, 1.26957, 0
6.4, -0.0564699, 1.16798, 0.843218, -3.20802, 8.86318, 0.367451, -0.179055, 1.27418, 0
6.4, 1.2, 0, 0.843218, -3.20802, 8.86318, 0.367451, -0.179055, 1.27418, 0
6.5, -0.682568, -3.01279, 5.42224, -3.07457, 9.14015, 0.390507, -0.107766, 1.31041, 0
6.5, -1.1995, 0, 5.42224, -3.07457, 9.14015, 0.390507, -0.107766, 1.31041, 0
6.6, 0.0161402, 0.0106931, 4.2884, -3.37445, 9.75198, 0.340474, -0.339026, 1.35773, 0
6.6, 0.646759, 0, 4.2884, -3.37445, 9.75198, 0.340474, -0.339026, 1.35773, 0
6.7, -1.19505, 1.83705, -0.379362, -3.04961, 9.92201, 0.323517, -0.603789, 1.39352, 0
6.7, -1.2, 0, -0.379362, -3.04961, 9.92201, 0.323517, -0.603789, 1.39352, 0
6.8, -0.868674, 0.0406646, -3.84047, -3.15245, 9.72851, 0.233432, -0.941724, 1.50142, 0
6.8, 1.2, 0, -3.84047, -3.15245, 9.72851, 0.233432, -0.941724, 1.50142, 0
6.9, 0.38947, 5.66348, -0.946618, -2.42979, 9.30992, 0.255411, 0.513841, 1.57005, 0
6.9, 1.17753, 0, -0.946618, -2.42979, 9.30992, 0.255411, 0.513841, 1.57005, 0
7, -0.902314, -10.4952, 3.78727, -2.80191, 9.43765, 0.297325, -0.198893, 1.60799, 0
7, -0.15997, 0, 3.78727, -2.80191, 9.43765, 0.297325, -0.198893, 1.60799, 0
7.1, 0.000414608, -1.34312, 4.33848, -2.93953, 9.91725, 0.2839, -0.0609946, 1.60885, 0
7.1, -0.236032, 0, 4.33848, -2.93953, 9.91725, 0.2839, -0.0609946, 1.60885, 0
7.2, 0.159628, 2.0895, 0.268159, -2.87219, 10.1611, 0.276498, 0.0296917, 1.6103, 0
7.2, 1.09935, 0, 0.268159, -2.87219, 10.1611, 0.276498, 0.0296917, 1.6103, 0
7.3, -0.112326, 0.888818, -2.55772, -2.58389, 9.95255, 0.317417, 0.243155, 1.64689, 0
7.3, 0.683571, 0, -2.55772, -2.58389, 9.95255, 0.317417, 0.243155, 1.64689, 0
7.4, -1.2, -8.8891, -0.837064, -2.91389, 9.77803, 0.322932, -0.550184, 1.68312, 0
7.4, 1.08762, 0, -0.837064, -2.91389, 9.77803, 0.322932, -0.550184, 1.68312, 0
7.5, 0.629253, 3.70335, 0.699842, -2.42189, 9.65846, 0.36075, 0.665656, 1.75856, 0
7.5, 1.03346, 0, 0.699842, -2.42189, 9.65846, 0.36075, 0.665656, 1.75856, 0
7.6, 0.890856, -5.15286, 4.31774, -2.6771, 9.94761, 0.447178, 0.913453, 1.8513, 0
7.6, 1.2, 0, 4.31774, -2.6771, 9.94761, 0.447178, 0.913453, 1.8513, 0
7.7, -0.727435, -6.93511, 2.65111, -2.94421, 10.3314, 0.50884, -0.0494339, 1.88785, 0
7.7, -0.0338016, 0, 2.65111, -2.94421, 10.3314, 0.50884, -0.0494339, 1.88785, 0
7.8, -0.0330071, 1.24896, -1.93228, -2.87472, 10.3655, 0.504911, -0.0345389, 1.88796, 0
7.8, 1.2, 0, -1.93228, -2.87472, 10.3655, 0.504911, -0.0345389, 1.88796, 0
7.9, 1.2, 5.82419, -5.25544, -2.27476, 9.81397, 0.580025, 1.10182, 2.03196, 0
7.9, -0.0230086, 0, -5.25544, -2.27476, 9.81397, 0.580025, 1.10182, 2.03196, 0
8, -0.052392, -12.9179, 0.264159, -2.95658, 9.44334, 0.617891, 0.0477466, 2.03211, 0
