0, -1.2, 0, 0, 3.14159, 3.14159, 0, 0, 0, 1
0.1, -1.14801, -4.26769, -2.06434, 2.70082, 3.12556, -0.075077, -1.07148, 0.137851, 0
0.1, -1.2, -4.26769, -2.06434, 2.70082, 3.12556, -0.075077, -1.07148, 0.137851, 2
0.2, -1.17144, 1.28113, -6.29111, 2.55149, 2.70779, -0.188607, -1.19912, 0.278465, 0
0.31, -0.00160789, 7.1519, -3.50389, 3.01531, 2.16906, -0.281292, -0.486047, 0.353941, 0
0.52, 0.00603324, 15.5335, -9.96711, 5.39728, 0.754608, -0.308855, 0.223534, 0.353945, 0
0.73, 1.17939, 25, -25, 9.6533, -2.91694, -0.205578, 0.760056, 0.5, 0
0.1, -1.2, -4.26769, -2.06434, 2.70082, 3.12556, -0.075077, -1.07148, 0, 1
0.2, -1.17144, 2.05272, -6.55893, 2.57892, 2.67305, -0.189694, -1.17161, 0.1406, 0
0.2, -1.2, 2.05272, -6.55893, 2.57892, 2.67305, -0.189694, -1.17161, 0.1406, 2
0.3, 1.2, 12.0479, -0.927057, 3.14857, 2.1174, -0.251867, 0.0996911, 0.25685, 0
0.41, -1.2, 23.6064, 4.75637, 5.46188, 2.21489, -0.248136, 0.0654946, 0.412688, 0
0.62, 0.29826, 9.03638, -25, 8.91348, 0.0410659, -0.32356, -0.732835, 0.498014, 0
0.83, -1.19667, -22.8452, -25, 7.46861, -5.2175, -0.38, -0.321046, 0.5, 0
0.2, -1.2, 2.05272, -6.55893, 2.57892, 2.67305, -0.189694, -1.17161, 0, 1
0.3, 1.2, 10.4374, -2.16843, 3.18579, 2.10538, -0.248994, 0.329651, 0.048, 0
0.3, 1.2, 10.4374, -2.16843, 3.18579, 2.10538, -0.248994, 0.329651, 0.048, 2
0.4, -0.425198, 23.8977, -10.3696, 5.4781, 1.03587, -0.213412, 0.567781, 0.140527, 0
0.51, -1.19965, 13.1922, -22.406, 7.35794, -0.653954, -0.248326, -1.19995, 0.244932, 0
0.72, 1.2, -5.72277, -5.49151, 8.09808, -3.56803, -0.345907, 0.311389, 0.5, 0
0.93, -0.041106, -24.9954, 25, 4.86957, -1.53535, -0.238074, 0.705008, 0.5, 0
1.14, -1.2, 3.78092, 24.9987, 2.62836, 3.78352, -0.301169, -1.07126, 0.5, 0
0.3, 1.2, 10.4374, -2.16843, 3.18579, 2.10538, -0.248994, 0.329651, 0, 1
0.4, -0.425198, 3.79672, 6.91618, 4.07707, 2.50332, -0.201044, 0.0964852, 0.0370185, 0
0.4, 1.19999, 3.79672, 6.91618, 4.07707, 2.50332, -0.201044, 0.0964852, 0.0370185, 2
0.5, -1.19945, 23.6325, -3.37507, 6.03704, 1.26889, -0.202139, 0.120019, -0.162811, 0
0.61, -0.437777, 10.9548, -25, 7.47113, -0.497728, -0.250367, -0.996885, -0.317646, 0
0.82, 1.2, -25, -3.2608, 5.79634, -3.38936, -0.250506, 0.995562, -0.336818, 0
1.03, 0.445167, -9.93642, 25, 2.11271, -1.0774, -0.0660958, 0.760726, -0.5, 0
0.4, 1.19999, 3.79672, 6.91618, 4.07707, 2.50332, -0.201044, 0.0964852, 0, 1
0.5, -1.19945, -10.724, 12.1121, 3.91542, 3.47651, -0.180821, -0.414806, 0.0479777, 0
0.5, -1.08947, -10.724, 12.1121, 3.91542, 3.47651, -0.180821, -0.414806, 0.0479777, 2
0.6, -1.2, -4.08418, -3.01392, 5.95497, 3.73308, -0.350442, -1.16995, 0.269528, 0
0.71, -0.0617743, 24.9952, 23.0266, 9.14941, 6.78391, -0.375771, -1.12458, -0.0574655, 0
0.92, 1.2, 24.9922, 19.6662, 17.1464, 13.7393, -0.38, 1.1566, -0.331687, 0
1.13, -1.2, -25, 25, 16.7582, 35.6215, -0.38, -0.648682, -0.493224, 0
0.5, -1.08947, -10.724, 12.1121, 3.91542, 3.47651, -0.180821, -0.414806, 0, 1
0.6, -1.2, -10.1628, 0.999407, 2.70599, 4.3171, -0.267986, -1.10616, 0.131144, 0
0.6, 0.856192, -10.1628, 0.999407, 2.70599, 4.3171, -0.267986, -1.10616, 0.131144, 2
0.7, 1.2, 7.9269, -6.41945, 3.49072, 3.34274, -0.242133, 1.2, 0.283199, 0
0.81, -0.660846, -17.7839, 12.6064, 3.43942, 3.16365, -0.143885, 0.181786, 0.410771, 0
1.02, -1.14266, -18.8326, 25, -0.593537, 7.414, -0.262739, -1.2, 0.5, 0
1.23, -1.18089, 23.0075, -18.729, -0.265751, 8.18642, -0.38, -1.16478, 0.5, 0
0.6, 0.856192, -10.1628, 0.999407, 2.70599, 4.3171, -0.267986, -1.10616, 0, 1
0.7, 1.2, 4.62663, 1.29615, 2.61636, 4.47586, -0.245167, 0.918934, 0.106683, 0
0.7, 1.2, 4.62663, 1.29615, 2.61636, 4.47586, -0.245167, 0.918934, 0.106683, 2
0.8, -1.2, -4.95733, -2.1982, 2.82629, 4.77929, -0.197657, 0.00774334, 0.342809, 0
0.91, -0.47723, -25, 9.80059, 0.981687, 5.35117, -0.262817, -1.1717, 0.415596, 0
1.12, -0.959052, 18.519, 18.5039, 0.355202, 8.39275, -0.37994, -0.599441, 0.3066, 0
1.33, 1.11737, 25, -20.6096, 4.95927, 8.07505, -0.379049, 0.588595, 0.5, 0
0.7, 1.2, 4.62663, 1.29615, 2.61636, 4.47586, -0.245167, 0.918934, 0, 1
0.8, -1.2, -0.832866, -5.76202, 2.91948, 4.25746, -0.195054, -0.349745, 0.048, 0
0.8, 0.176551, -0.832866, -5.76202, 2.91948, 4.25746, -0.195054, -0.349745, 0.048, 2
0.9, 1.2, 2.97945, -12.1752, 1.54337, 4.82509, -0.190474, 0.833675, -0.078569, 0
1.01, 1.14526, 10.2658, -25, 2.45121, 2.55116, -0.0847203, 1.2, -0.153107, 0
1.22, -1.2, -25, 25, 1.74995, 1.46267, -0.0400486, -0.666966, 0.00399308, 0
1.43, 1.2, -25, 25, -8.01718, 11.1025, -0.0930978, 0.255357, 0.34045, 0
0.8, 0.176551, -0.832866, -5.76202, 2.91948, 4.25746, -0.195054, -0.349745, 0, 1
0.9, 1.2, 13.3163, -13.4992, 3.59457, 3.29155, -0.17109, 0.786033, 0.0561011, 0
0.9, -0.976492, 13.3163, -13.4992, 3.59457, 3.29155, -0.17109, 0.786033, 0.0561011, 2
1, -0.423874, -15.5793, 7.47333, 3.48142, 2.99025, -0.175516, -0.874544, 0.112761, 0
1.11, 1.19991, -20.3986, 14.1886, 1.50264, 4.18166, -0.190885, 0.595102, 0.201831, 0
1.32, 0.537516, -20.2684, 10.9398, -2.7674, 6.82014, -0.0241621, 0.992734, 0.383344, 0
1.53, 0.906691, 22.1436, -25, -2.57051, 5.34381, 0.143015, 0.59943, 0.5, 0
0.9, -0.976492, 13.3163, -13.4992, 3.59457, 3.29155, -0.17109, 0.786033, 0, 1
1, -0.423874, -5.46829, -7.31736, 3.72911, 2.29837, -0.190917, -0.484629, 0.0515705, 0
1, -1.2, -5.46829, -7.31736, 3.72911, 2.29837, -0.190917, -0.484629, 0.0515705, 2
1.1, 0.7393, -6.55393, -6.82687, 2.73477, 3.45812, -0.212871, -0.214915, 0.186646, 0
1.21, 0.575813, -25, 25, 0.36972, 5.53156, -0.17886, 0.833283, 0.239752, 0
1.42, -1.2, -25, 25, -3.44334, 9.46565, -0.184539, -0.887368, 0.450109, 0
1.63, -0.901217, -25, 25, -15.7296, 21.6244, -0.38, -1.15242, 0.5, 0
1, -1.2, -5.46829, -7.31736, 3.72911, 2.29837, -0.190917, -0.484629, 0, 1
1.1, 0.7393, -5.931, 1.8169, 2.9447, 2.01739, -0.236693, 0.0910884, 0.0366468, 0
1.1, -0.866523, -5.931, 1.8169, 2.9447, 2.01739, -0.236693, 0.0910884, 0.0366468, 2
1.2, 1.2, -13.9779, 9.97539, 1.00243, 2.92021, -0.226774, 0.25764, 0.0189076, 0
1.31, -1.2, -25, 19.1002, -1.61118, 4.56171, -0.213121, -0.00738309, 0.165898, 0
1.52, 1.2, 24.8102, -25, -2.5888, 3.94195, -0.234078, -0.19116, 0.467794, 0
1.73, 0.431961, 25, -25, 3.93729, -2.65783, -0.11961, 1.2, 0.5, 0
1.1, -0.866523, -5.931, 1.8169, 2.9447, 2.01739, -0.236693, 0.0910884, 0, 1
1.2, 1.2, -3.88037, 6.53853, 2.14594, 2.61155, -0.237151, 0.524797, 0.0383678, 0
1.2, -1.01041, -3.88037, 6.53853, 2.14594, 2.61155, -0.237151, 0.524797, 0.0383678, 2
1.3, -1.02739, 2.54104, -3.13504, 2.07897, 2.78173, -0.270911, -1.2, 0.14219, 0
1.41, 0.0140327, 10.0697, -1.63803, 2.77256, 2.51921, -0.358524, -0.392958, 0.200255, 0
1.62, 0.000138028, 5.90321, 5.36898, 4.44972, 2.91096, -0.38, 0.18842, 0.200275, 0
1.83, -0.141898, 25, -18.2969, 7.69456, 1.55352, -0.38, -0.188417, 0.20239, 0
1.2, -1.01041, -3.88037, 6.53853, 2.14594, 2.61155, -0.237151, 0.524797, 0, 1
1.3, -1.02739, 2.51514, -1.98123, 2.06193, 2.73124, -0.282796, -0.899121, 0.103817, 0
1.3, 1.2, 2.51514, -1.98123, 2.06193, 2.73124, -0.282796, -0.899121, 0.103817, 2
1.4, -1.2, 5.36737, 2.34905, 2.45606, 2.74963, -0.322477, 0.105483, 0.247817, 0
1.51, 0.248863, 7.53551, -0.0834143, 3.16572, 2.87424, -0.348074, -0.570873, 0.330424, 0
1.72, -0.237782, 16.8008, -6.66602, 5.72103, 2.16555, -0.379999, 0.266822, 0.342863, 0
1.93, 1.2, 15.2085, 4.73722, 9.08201, 1.96303, -0.291268, 0.578243, 0.5, 0
1.3, 1.2, 2.51514, -1.98123, 2.06193, 2.73124, -0.282796, -0.899121, 0, 1
1.4, -1.2, 7.27768, -2.14043, 2.76513, 2.58753, -0.298785, -0.494331, 0.048, 0
1.4, -1.2, 7.27768, -2.14043, 2.76513, 2.58753, -0.298785, -0.494331, 0.048, 2
1.5, -0.968447, 0.482942, 3.36506, 3.15613, 2.64739, -0.358738, -1.1531, 0.162934, 0
1.61, 1.2, 4.93043, 7.79766, 3.45174, 3.26285, -0.38, 0.326136, 0.291663, 0
1.82, -0.659383, 22.5931, -14.0485, 6.34233, 2.60595, -0.334702, 0.24786, 0.473256, 0
2.03, 0.234607, -19.7496, -25, 6.64034, -1.49385, -0.354796, -0.421064, 0.5, 0
1.4, -1.2, 7.27768, -2.14043, 2.76513, 2.58753, -0.298785, -0.494331, 0, 1
1.5, -0.968447, 1.50466, 3.11085, 3.11994, 2.65652, -0.387371, -0.996516, 0.118001, 0
1.5, -1.059, 1.50466, 3.11085, 3.11994, 2.65652, -0.387371, -0.996516, 0.118001, 2
1.6, 1.2, 5.5251, 6.53108, 3.38948, 3.21888, -0.38, 0.209691, 0.193454, 0
1.71, -1.2, 7.83362, 1.58731, 4.24548, 3.55879, -0.367463, 0.0252067, 0.329959, 0
1.92, 0.860628, 11.9677, -22.4459, 6.32913, 1.35465, -0.38, -0.248097, 0.499829, 0
2.13, 0.132316, 21.5216, 13.655, 9.7579, 1.10198, -0.312812, 0.817612, 0.5, 0
2.34, -1.2, -25, -5.38775, 6.27121, 2.6323, -0.337449, -1.16471, 0.4506, 0
1.5, -1.059, 1.50466, 3.11085, 3.11994, 2.65652, -0.387371, -0.996516, 0, 1
1.6, 1.2, 6.26492, 7.35207, 3.43443, 3.16715, -0.434836, 0.383628, 0.0430226, 0
1.6, -1.05976, 6.26492, 7.35207, 3.43443, 3.16715, -0.434836, 0.383628, 0.0430226, 2
1.7, -1.2, -10.2042, 5.45488, 3.57016, 3.81969, -0.296397, -1.2, 0.194171, 0
1.81, -0.75308, -10.9369, 21.6665, 2.27582, 5.40245, -0.322282, -1.0222, -0.345361, 0
2.02, 1.05887, 25, -25, 4.79461, 4.93953, 0.221767, 1.2, -0.5, 0
2.23, -1.008, 25, -25, 11.4385, -13.7518, 0.286846, -1.16974, 0.237879, 0
1.6, -1.05976, 6.26492, 7.35207, 3.43443, 3.16715, -0.434836, 0.383628, 0, 1
1.7, -1.2, -3.29658, 6.58377, 3.29239, 4.00772, -0.49182, -1.03422, 0.127827, 0
1.7, -0.675592, -3.29658, 6.58377, 3.29239, 4.00772, -0.49182, -1.03422, 0.127827, 2
1.8, -1.2, 3.1713, -0.902668, 2.3426, 4.17564, -0.38, -1.11697, 0.23636, 0
1.91, 1.2, 23.3108, -13.9243, 3.31631, 3.40661, -0.379546, 0.124529, 0.450969, 0
2.12, -1.2, 19.6807, 8.27179, 8.61979, 2.03955, -0.379887, 0.195016, 0.484685, 0
2.33, 1.2, -25, 25, 6.61623, 6.75026, -0.379913, -0.235087, 0.499908, 0
1.7, -0.675592, -3.29658, 6.58377, 3.29239, 4.00772, -0.49182, -1.03422, 0, 1
1.8, -1.2, -0.79048, 1.11372, 3.18777, 4.36736, -0.585456, -1.03785, 0.0902378, 0
1.8, 1.07797, -0.79048, 1.11372, 3.18777, 4.36736, -0.585456, -1.03785, 0.0902378, 2
1.9, 0.85343, 16.07, -6.16256, 3.95174, 4.11492, -0.38, 1.2, 0.184749, 0
2.01, -0.46677, 11.8608, -10.3752, 5.48793, 3.20535, -0.313162, 0.0281838, 0.236783, 0
2.22, 0.56766, 3.42634, -4.01496, 7.09308, 1.69438, -0.303781, 0.0605359, 0.293468, 0
2.43, 0.4808, 5.37564, 3.35724, 8.01728, 1.62532, -0.221132, 0.734417, 0.351561, 0
2.64, -0.985539, -20.5791, 24.0952, 6.42092, 4.50783, -0.217482, -0.699668, 0.477813, 0
1.8, 1.07797, -0.79048, 1.11372, 3.18777, 4.36736, -0.585456, -1.03785, 0, 1
1.9, 0.85343, 14.1883, -9.86008, 4.1429, 3.89924, -0.560169, 0.766804, 0.0936782, 0
1.9, 1.19949, 14.1883, -9.86008, 4.1429, 3.89924, -0.560169, 0.766804, 0.0936782, 2
2, 1.11031, 3.75247, -2.63763, 5.03994, 3.27435, -0.38, 1.2, 0.227258, 0
2.11, -0.928735, -7.06486, -8.97354, 4.85776, 2.63574, -0.319697, -0.0911838, 0.342496, 0
2.32, 0.516222, -16.2585, -0.761379, 2.4088, 1.61357, -0.355918, -0.258418, 0.460969, 0
2.53, -0.291947, 5.43887, 7.55439, 1.27274, 2.32684, -0.353466, 0.280105, 0.497726, 0
1.9, 1.19949, 14.1883, -9.86008, 4.1429, 3.89924, -0.560169, 0.766804, 0, 1
2, 1.11031, 3.50573, -1.80778, 4.92066, 3.4928, -0.458169, 1.10833, 0.133447, 0
2, 1.05734, 3.50573, -1.80778, 4.92066, 3.4928, -0.458169, 1.10833, 0.133447, 2
2.1, 0.0452668, -3.23622, -4.9347, 4.93414, 3.15568, -0.378455, 0.485956, 0.189448, 0
2.21, 0.443168, -10.6086, -0.310362, 4.17267, 2.8672, -0.340476, 0.204567, 0.200362, 0
2.42, -0.744437, -8.51099, 0.926644, 2.16511, 2.93191, -0.351719, -0.311643, 0.279174, 0
2, 1.05734, 3.50573, -1.80778, 4.92066, 3.4928, -0.458169, 1.10833, 0, 1
2.1, 0.0452668, -2.72643, -6.19058, 4.97848, 3.13344, -0.375743, 0.417299, 0.0389296, 0
2.1, 0.541786, -2.72643, -6.19058, 4.97848, 3.13344, -0.375743, 0.417299, 0.0389296, 2
2.2, 0.584382, -10.5286, -0.717438, 4.31573, 2.78804, -0.325869, 0.580188, 0.0706813, 0
2.31, 1.19981, -11.7457, 5.60106, 3.09065, 3.05664, -0.242079, 0.943256, 0.168639, 0
2.52, -1.17144, 1.37791, -6.69599, 2.00203, 2.94167, -0.185767, -0.40695, 0.46388, 0
2.1, 0.541786, -2.72643, -6.19058, 4.97848, 3.13344, -0.375743, 0.417299, 0, 1
2.2, 0.584382, -10.1372, -1.88715, 4.29582, 2.63712, -0.325032, 0.558995, 0.0317215, 0
2.2, -0.639702, -10.1372, -1.88715, 4.29582, 2.63712, -0.325032, 0.558995, 0.0317215, 2
2.3, 1.2, -13.9509, 3.23945, 3.09141, 2.70473, -0.28471, 0.247435, 0.124182, 0
2.41, -1.2, -6.64551, 0.377862, 1.95861, 2.90368, -0.273333, -0.0405852, 0.282582, 0
2.62, 0.425137, -1.65906, -7.99408, 1.08663, 2.10398, -0.334783, -0.544653, 0.45276, 0
2.2, -0.639702, -10.1372, -1.88715, 4.29582, 2.63712, -0.325032, 0.558995, 0, 1
2.3, 1.2, -16.4303, 11.2258, 2.71773, 3.20262, -0.299681, 0.626439, 0.0360525, 0
2.3, -0.954849, -16.4303, 11.2258, 2.71773, 3.20262, -0.299681, 0.626439, 0.0360525, 2
2.4, -0.167832, -11.5524, -6.13634, 1.31859, 3.4571, -0.303393, -0.700689, 0.0830477, 0
2.51, -0.490561, -3.27301, -5.31052, 0.503193, 2.82752, -0.356686, -0.268264, 0.0978327, 0
2.72, 1.14299, 6.98817, 2.82176, 0.893285, 2.5662, -0.322306, 0.595686, 0.260276, 0
2.93, 0.879633, 10.0869, 0.338879, 2.68617, 2.89807, -0.13379, 1.19971, 0.478696, 0
2.3, -0.954849, -16.4303, 11.2258, 2.71773, 3.20262, -0.299681, 0.626439, 0, 1
2.4, -0.167832, -8.5781, -7.25338, 1.44854, 3.121, -0.318106, -0.328224, 0.0366719, 0
2.4, -1.2, -8.5781, -7.25338, 1.44854, 3.121, -0.318106, -0.328224, 0.0366719, 2
2.5, 1.2, -4.77715, -9.60205, 0.780743, 2.27822, -0.333439, 0.0215562, 0.184303, 0
2.61, 0.867895, -2.50162, -2.31723, 0.380406, 1.62265, -0.266254, 1.2, 0.30492, 0
2.82, 1.05136, 6.34393, 1.65307, 0.783846, 1.55292, -0.0509338, 0.850666, 0.5, 0
2.4, -1.2, -8.5781, -7.25338, 1.44854, 3.121, -0.318106, -0.328224, 0, 1
2.5, 1.2, -1.5239, -4.13882, 1.07538, 2.3637, -0.346741, 0.396723, 0.048, 0
2.5, -0.441008, -1.5239, -4.13882, 1.07538, 2.3637, -0.346741, 0.396723, 0.048, 2
2.6, 1.1999, 4.89734, -3.82327, 1.24405, 1.96559, -0.308034, 0.377421, 0.129713, 0
2.71, 0.935081, 6.37699, 0.788616, 1.86414, 1.79869, -0.222338, 1.18068, 0.25699, 0
2.92, 1.2, 6.22773, 9.54458, 3.18763, 2.88367, 0.00833969, 1.01626, 0.5, 0
2.5, -0.441008, -1.5239, -4.13882, 1.07538, 2.3637, -0.346741, 0.396723, 0, 1
2.6, 1.1999, 3.94193, -2.32944, 1.30848, 1.94799, -0.319587, 0.669913, 0.0368362, 0
2.6, 1.2, 3.94193, -2.32944, 1.30848, 1.94799, -0.319587, 0.669913, 0.0368362, 2
2.7, 0.497487, 6.86973, 0.0616314, 1.84906, 1.8346, -0.242605, 0.869724, 0.121211, 0
2.81, -0.985505, 4.32937, 4.43526, 2.46501, 2.08192, -0.218238, -0.426685, 0.18824, 0
3.02, -0.683852, 3.50274, 8.49739, 3.28738, 3.43985, -0.3701, -1.01962, 0.339322, 0
2.6, 1.2, 3.94193, -2.32944, 1.30848, 1.94799, -0.319587, 0.669913, 0, 1
2.7, 0.497487, 9.81055, -2.49045, 2.00434, 1.70205, -0.236326, 0.710755, 0.0761493, 0
2.7, 0.300149, 9.81055, -2.49045, 2.00434, 1.70205, -0.236326, 0.710755, 0.0761493, 2
2.8, -0.785881, 2.82091, 6.75948, 2.63591, 1.9155, -0.218526, -0.354743, 0.111534, 0
2.91, -0.448715, 0.926309, 10.8415, 2.842, 2.88355, -0.274356, -0.660363, 0.156577, 0
3.12, -0.439066, 7.72233, 1.90959, 3.75011, 4.22242, -0.38, -0.345766, 0.19796, 0
3.33, 0.939808, -0.598947, -1.12162, 4.49807, 4.30515, -0.361643, 0.520593, 0.310942, 0
2.7, 0.300149, 9.81055, -2.49045, 2.00434, 1.70205, -0.236326, 0.710755, 0, 1
2.8, -0.785881, 1.94634, 8.1883, 2.65082, 1.99846, -0.218383, -0.35836, 0.0157272, 0
2.8, 0.243902, 1.94634, 8.1883, 2.65082, 1.99846, -0.218383, -0.35836, 0.0157272, 2
2.9, -0.379898, 3.19412, 10.0093, 2.90784, 2.90833, -0.237997, -0.033933, 0.0259178, 0
3.01, -0.254162, 4.38708, 6.32482, 3.32481, 3.80671, -0.259854, -0.363464, 0.0374084, 0
3.22, -0.734312, 3.77953, -0.970229, 4.1823, 4.36894, -0.356137, -0.553515, 0.100809, 0
3.43, 1.12643, -3.9923, -0.844005, 4.15996, 4.17845, -0.357994, 0.535831, 0.290655, 0
2.8, 0.243902, 1.94634, 8.1883, 2.65082, 1.99846, -0.218383, -0.35836, 0, 1
2.9, -0.379898, 1.6204, 11.3679, 2.81397, 3.07355, -0.231399, -0.200989, 0.00370509, 0
2.9, 0.154754, 1.6204, 11.3679, 2.81397, 3.07355, -0.231399, -0.200989, 0.00370509, 2
3, -0.866724, 7.4281, 3.90545, 3.2664, 3.83721, -0.260157, -0.374169, 0.042463, 0
3.11, -0.873626, 3.93352, -0.738222, 3.89129, 4.01141, -0.33307, -0.95153, 0.125757, 0
3.32, 0.974467, -1.73221, 0.699446, 4.12242, 4.00734, -0.379999, 0.504592, 0.305602, 0
3.53, 0.949589, -5.68487, -2.55118, 3.34363, 3.81291, -0.204232, 1.16938, 0.499989, 0
2.9, 0.154754, 1.6204, 11.3679, 2.81397, 3.07355, -0.231399, -0.200989, 0, 1
3, -0.866724, 7.05525, 3.11311, 3.40806, 3.77376, -0.254253, -0.52362, 0.0213677, 0
3, -1.19955, 7.05525, 3.11311, 3.40806, 3.77376, -0.254253, -0.52362, 0.0213677, 2
3.1, -0.364006, 3.00337, 0.816471, 3.91099, 3.97024, -0.321038, -0.812067, 0.0999393, 0
3.21, 0.102527, 1.07187, 0.906586, 4.13513, 4.065, -0.366746, -0.0189874, 0.107805, 0
3.42, 0.916614, -4.08314, -0.892599, 3.81894, 4.06647, -0.290078, 0.749159, 0.197128, 0
3.63, 0.419267, -3.48125, -7.45911, 3.02468, 3.18954, -0.145148, 0.631125, 0.303804, 0
3, -1.19955, 7.05525, 3.11311, 3.40806, 3.77376, -0.254253, -0.52362, 0, 1
3.1, -0.364006, 4.61629, 0.938911, 3.93062, 3.95473, -0.32886, -0.614045, 0.0669359, 0
3.1, -0.204714, 4.61629, 0.938911, 3.93062, 3.95473, -0.32886, -0.614045, 0.0669359, 2
3.2, -0.50586, 0.881541, 1.39237, 4.20551, 4.0713, -0.375808, -0.32493, 0.081826, 0
3.31, 0.841631, -2.58429, 1.03413, 4.11186, 4.20476, -0.38, 0.248718, 0.134859, 0
3.52, 0.879857, -3.79028, -4.8721, 3.44253, 3.80177, -0.234377, 1.13817, 0.290521, 0
3.73, 1.10494, -3.08577, -6.89959, 2.72054, 2.56574, -0.0176055, 0.926322, 0.5, 0
3.1, -0.204714, 4.61629, 0.938911, 3.93062, 3.95473, -0.32886, -0.614045, 0, 1
3.2, -0.50586, -0.851962, 2.40833, 4.17277, 4.1123, -0.371701, -0.42892, 0.0133786, 0
3.2, -0.307275, -0.851962, 2.40833, 4.17277, 4.1123, -0.371701, -0.42892, 0.0133786, 2
3.3, 0.974713, -1.70006, 0.874921, 4.04517, 4.27647, -0.371987, 0.42319, 0.0656028, 0
3.41, 0.726457, -2.55597, -2.36412, 3.81109, 4.19456, -0.298074, 0.920687, 0.146882, 0
3.62, 1.01574, -3.4423, -6.34209, 3.18127, 3.28041, -0.112297, 0.848618, 0.310625, 0
3.83, -0.148144, -3.50154, -3.85233, 2.45216, 2.20999, 0.00261291, 0.245762, 0.42126, 0
3.2, -0.307275, -0.851962, 2.40833, 4.17277, 4.1123, -0.371701, -0.42892, 0, 1
3.3, 0.974713, -0.911176, 0.309515, 4.00323, 4.30854, -0.374979, 0.498925, 0.0248326, 0
3.3, 1.04491, -0.911176, 0.309515, 4.00323, 4.30854, -0.374979, 0.498925, 0.0248326, 2
3.4, 0.790496, -1.42875, -2.7403, 3.88624, 4.18701, -0.301691, 0.966836, 0.110669, 0
3.51, 1.13533, -3.56081, -4.66441, 3.61181, 3.77975, -0.19559, 0.96227, 0.215931, 0
3.72, 0.791265, -4.00936, -5.46216, 2.81694, 2.71646, 0.00664372, 0.963764, 0.417014, 0
3.93, -0.405264, -3.37085, -2.13368, 2.04202, 1.91889, 0.0914194, -0.156377, 0.5, 0
3.3, 1.04491, -0.911176, 0.309515, 4.00323, 4.30854, -0.374979, 0.498925, 0, 1
3.4, 0.790496, -2.40898, -2.13274, 3.90381, 4.18603, -0.296664, 0.839578, 0.0847577, 0
3.4, 0.943366, -2.40898, -2.13274, 3.90381, 4.18603, -0.296664, 0.839578, 0.0847577, 2
3.5, 0.912872, -3.50185, -4.7913, 3.60827, 3.83982, -0.20776, 0.938506, 0.170921, 0
3.61, 1.18789, -3.24652, -6.34837, 3.23711, 3.22714, -0.0973618, 1.06873, 0.294364, 0
3.82, 0.416481, -3.99907, -2.78529, 2.47632, 2.26811, 0.0863981, 0.681363, 0.460741, 0
4.03, -0.445693, -0.424482, 0.0848104, 2.01185, 1.98456, 0.123283, -0.33008, 0.499811, 0
3.4, 0.943366, -2.40898, -2.13274, 3.90381, 4.18603, -0.296664, 0.839578, 0, 1
3.5, 0.912872, -3.5131, -4.91599, 3.5968, 3.83973, -0.206859, 0.915705, 0.0861482, 0
3.5, 0.973002, -3.5131, -4.91599, 3.5968, 3.83973, -0.206859, 0.915705, 0.0861482, 2
3.6, 1.18175, -2.86959, -6.56301, 3.27767, 3.26578, -0.106257, 1.09634, 0.203311, 0
3.71, 1.09269, -3.92475, -4.43271, 2.90398, 2.66101, 0.0169579, 1.14393, 0.345789, 0
3.92, 0.370489, -2.75674, -0.463497, 2.20242, 2.14691, 0.194262, 0.544685, 0.485569, 0
4.13, -0.0130826, 4.26999, 0.899893, 2.36131, 2.19273, 0.252799, 0.0128084, 0.5, 0
3.5, 0.973002, -3.5131, -4.91599, 3.5968, 3.83973, -0.206859, 0.915705, 0, 1
3.6, 1.18175, -2.79116, -6.58474, 3.3003, 3.22132, -0.106452, 1.10129, 0.116437, 0
3.6, 0.954196, -2.79116, -6.58474, 3.3003, 3.22132, -0.106452, 1.10129, 0.116437, 2
3.7, 1.19998, -4.86889, -4.02111, 2.91729, 2.69103, 0.00232474, 1.07425, 0.233959, 0
3.81, 1.04097, -3.14021, -1.85962, 2.47679, 2.36759, 0.123452, 1.12806, 0.372755, 0
4.02, 0.00629743, 1.03462, -0.112276, 2.25571, 2.16054, 0.268111, 0.249655, 0.486539, 0
4.23, -0.357988, 3.58032, 3.46941, 2.74027, 2.51304, 0.25561, -0.368719, 0.5, 0
3.6, 0.954196, -2.79116, -6.58474, 3.3003, 3.22132, -0.106452, 1.10129, 0, 1
3.7, 1.19998, -4.76607, -3.72696, 2.86893, 2.707, 0.000426109, 1.12232, 0.116515, 0
3.7, 1.19825, -4.76607, -3.72696, 2.86893, 2.707, 0.000426109, 1.12232, 0.116515, 2
3.8, 1.18533, -2.55123, -2.4154, 2.50307, 2.39988, 0.116539, 1.19994, 0.258555, 0
3.91, 0.575039, -0.474935, -1.28529, 2.33663, 2.19634, 0.228061, 0.827738, 0.354018, 0
4.12, -0.145638, 1.81506, 2.09848, 2.47734, 2.28173, 0.308339, -0.0631812, 0.390965, 0
4.33, -0.669546, 2.71181, 4.17193, 2.95267, 2.94012, 0.242516, -0.563709, 0.440263, 0
3.7, 1.19825, -4.76607, -3.72696, 2.86893, 2.707, 0.000426109, 1.12232, 0, 1
3.8, 1.18533, -2.28439, -2.71135, 2.49518, 2.40089, 0.117169, 1.18399, 0.142037, 0
3.8, 1.19998, -2.28439, -2.71135, 2.49518, 2.40089, 0.117169, 1.18399, 0.142037, 2
3.9, 0.605262, -0.430067, -1.55089, 2.35945, 2.18777, 0.219849, 0.86961, 0.232352, 0
4.01, 0.317187, 0.779232, 0.503558, 2.37866, 2.13017, 0.28936, 0.394241, 0.258034, 0
4.22, -0.377343, 2.29757, 3.91846, 2.70172, 2.59448, 0.307402, -0.222416, 0.283548, 0
4.43, -0.661785, 2.52473, 3.40727, 3.20806, 3.36368, 0.215351, -0.654257, 0.344485, 0
3.8, 1.19998, -2.28439, -2.71135, 2.49518, 2.40089, 0.117169, 1.18399, 0, 1
3.9, 0.605262, -0.790017, -1.43669, 2.36709, 2.17877, 0.2218, 0.820221, 0.0844196, 0
3.9, 0.752011, -0.790017, -1.43669, 2.36709, 2.17877, 0.2218, 0.820221, 0.0844196, 2
4, 0.012576, 0.149464, 0.469107, 2.33506, 2.1304, 0.279356, 0.330916, 0.112703, 0
4.11, -0.0296668, 1.83213, 2.30295, 2.44405, 2.28286, 0.294024, -0.0642243, 0.112761, 0
4.32, -0.683015, 3.15752, 3.93363, 2.96796, 2.9377, 0.235962, -0.488754, 0.161837, 0
4.53, -0.0890183, 2.69952, 3.09433, 3.58295, 3.67563, 0.149001, -0.339447, 0.211652, 0
3.9, 0.752011, -0.790017, -1.43669, 2.36709, 2.17877, 0.2218, 0.820221, 0, 1
4, 0.012576, -0.230995, 0.717788, 2.34036, 2.13189, 0.281097, 0.286849, 0.0191712, 0
4, -0.000232595, -0.230995, 0.717788, 2.34036, 2.13189, 0.281097, 0.286849, 0.0191712, 2
4.1, -0.0440127, 1.56837, 2.17921, 2.40723, 2.27674, 0.292521, -0.0583708, 0.019268, 0
4.21, -0.775164, 2.54365, 3.13222, 2.63339, 2.56886, 0.263615, -0.467196, 0.052423, 0
4.42, -0.548653, 3.4175, 3.6581, 3.25931, 3.28185, 0.135792, -0.750169, 0.147122, 0
4.63, 0.109567, 2.99367, 2.91839, 3.93248, 3.97238, 0.059227, 0.0209833, 0.17999, 0
4, -0.000232595, -0.230995, 0.717788, 2.34036, 2.13189, 0.281097, 0.286849, 0, 1
4.1, -0.0440127, 2.14704, 1.83036, 2.40683, 2.27421, 0.290423, -0.00526418, 6.49137e-005, 0
4.1, -0.530147, 2.14704, 1.83036, 2.40683, 2.27421, 0.290423, -0.00526418, 6.49137e-005, 2
4.2, -0.389033, 2.336, 3.39992, 2.63098, 2.53573, 0.264516, -0.51289, 0.021685, 0
4.31, -1.08631, 2.80545, 3.71428, 2.91376, 2.92701, 0.193707, -0.77454, 0.0949128, 0
4.52, -0.199505, 3.27431, 2.6734, 3.55214, 3.59772, 0.0511401, -0.583239, 0.222999, 0
4.73, 0.627345, 2.05675, 2.16732, 4.1119, 4.10599, 0.0503025, 0.575262, 0.268502, 0
4.1, -0.530147, 2.14704, 1.83036, 2.40683, 2.27421, 0.290423, -0.00526418, 0, 1
4.2, -0.389033, 3.13509, 2.94512, 2.61394, 2.5341, 0.260001, -0.398597, 0.0212882, 0
4.2, -0.817093, 3.13509, 2.94512, 2.61394, 2.5341, 0.260001, -0.398597, 0.0212882, 2
4.3, -0.794208, 2.35541, 3.83459, 2.88847, 2.87309, 0.197401, -0.853406, 0.0862086, 0
4.41, -1.07512, 2.91999, 3.25682, 3.17861, 3.26312, 0.098324, -0.947992, 0.184474, 0
4.62, -0.198533, 2.32367, 1.59891, 3.7292, 3.77297, -0.0532719, -0.495779, 0.30998, 0
4.83, 1.04853, 0.452603, 0.994515, 4.0207, 4.04528, -0.0168795, 0.842374, 0.429557, 0
4.2, -0.817093, 3.13509, 2.94512, 2.61394, 2.5341, 0.260001, -0.398597, 0, 1
4.3, -0.794208, 2.96109, 3.55219, 2.87337, 2.87886, 0.194077, -0.769247, 0.0649117, 0
4.3, -0.98049, 2.96109, 3.55219, 2.87337, 2.87886, 0.194077, -0.769247, 0.0649117, 2
4.4, -0.985461, 2.58627, 3.17667, 3.15073, 3.21531, 0.105212, -1.00805, 0.161536, 0
4.51, -1.03214, 2.32453, 2.22768, 3.42083, 3.51255, -0.00572183, -1.00892, 0.273541, 0
4.72, -0.0384956, 1.10861, 0.76486, 3.78131, 3.82676, -0.145326, -0.320639, 0.385555, 0
4.93, 1.0433, -0.476131, -0.10972, 3.84772, 3.89555, -0.0870682, 0.875475, 0.5, 0
4.3, -0.98049, 2.96109, 3.55219, 2.87337, 2.87886, 0.194077, -0.769247, 0, 1
4.4, -0.985461, 2.93413, 3.03248, 3.15238, 3.21735, 0.103585, -0.966854, 0.0966242, 0
4.4, -1.05853, 2.93413, 3.03248, 3.15238, 3.21735, 0.103585, -0.966854, 0.0966242, 2
4.5, -1.06926, 1.95567, 2.30546, 3.39687, 3.48425, 0.00147781, -1.07528, 0.209814, 0
4.61, -0.855669, 1.17547, 1.26675, 3.56908, 3.68072, -0.10958, -0.943962, 0.312966, 0
4.82, -0.162866, -0.101639, -0.559357, 3.68184, 3.75499, -0.24148, -0.312226, 0.392629, 0
5.03, 0.52065, -1.3462, -1.39806, 3.52981, 3.54946, -0.232105, 0.401509, 0.423878, 0
5.24, 0.673278, -2.04225, -1.87926, 3.17402, 3.20535, -0.117963, 0.685561, 0.499937, 0
4.4, -1.05853, 2.93413, 3.03248, 3.15238, 3.21735, 0.103585, -0.966854, 0, 1
4.5, -1.06926, 1.98771, 2.33275, 3.4013, 3.48603, 0.000797988, -1.05807, 0.113188, 0
4.5, -0.960057, 1.98771, 2.33275, 3.4013, 3.48603, 0.000797988, -1.05807, 0.113188, 2
4.6, -0.94206, 1.28976, 1.43263, 3.56518, 3.6743, -0.0990307, -0.938504, 0.203648, 0
4.71, -0.451095, 0.499937, 0.321465, 3.66361, 3.77078, -0.186778, -0.656897, 0.263651, 0
4.92, 0.104355, -0.850821, -1.23112, 3.62677, 3.67526, -0.250942, 0.0458063, 0.28616, 0
5.13, 0.64796, -1.89665, -1.79554, 3.33828, 3.35746, -0.190913, 0.525902, 0.331388, 0
4.5, -0.960057, 1.98771, 2.33275, 3.4013, 3.48603, 0.000797988, -1.05807, 0, 1
4.6, -0.94206, 1.01095, 1.52788, 3.57334, 3.6749, -0.0983239, -0.956398, 0.0904539, 0
4.6, -0.828202, 1.01095, 1.52788, 3.57334, 3.6749, -0.0983239, -0.956398, 0.0904539, 2
4.7, -0.582643, 0.543822, 0.446094, 3.65108, 3.7736, -0.179943, -0.675979, 0.141724, 0
4.81, -0.208953, -0.284032, -0.647127, 3.66537, 3.76254, -0.236363, -0.349843, 0.162796, 0
5.02, 0.35027, -1.46335, -1.79994, 3.48189, 3.5056, -0.245663, 0.261266, 0.180263, 0
5.23, 0.668942, -1.60294, -1.74597, 3.15993, 3.13328, -0.152902, 0.622175, 0.240131, 0
4.6, -0.828202, 1.01095, 1.52788, 3.57334, 3.6749, -0.0983239, -0.956398, 0, 1
4.7, -0.582643, 0.458097, 0.445654, 3.65544, 3.77249, -0.1797, -0.68212, 0.0502646, 0
4.7, -0.532621, 0.458097, 0.445654, 3.65544, 3.77249, -0.1797, -0.68212, 0.0502646, 2
4.8, -0.266685, -0.201695, -0.556724, 3.66826, 3.76693, -0.232132, -0.366515, 0.0680049, 0
4.91, 0.105244, -1.03406, -1.33807, 3.6003, 3.66272, -0.254152, -0.0338445, 0.0725258, 0
5.12, 0.482616, -1.76479, -2.00256, 3.30642, 3.31195, -0.211242, 0.442506, 0.0981452, 0
5.33, 0.408078, -1.69201, -1.76625, 2.94345, 2.91623, -0.117882, 0.446635, 0.140087, 0
4.7, -0.532621, 0.458097, 0.445654, 3.65544, 3.77249, -0.1797, -0.68212, 0, 1
4.8, -0.266685, -0.330655, -0.518503, 3.66982, 3.76505, -0.231786, -0.375265, 0.0165616, 0
4.8, -0.145085, -0.330655, -0.518503, 3.66982, 3.76505, -0.231786, -0.375265, 0.0165616, 2
4.9, -0.00144227, -0.897174, -1.29924, 3.60842, 3.67417, -0.252441, -0.0378332, 0.0176142, 0
5.01, 0.444743, -1.46742, -1.74239, 3.47837, 3.50688, -0.23999, 0.264211, 0.0284931, 0
5.22, 0.452878, -1.87101, -1.93954, 3.12784, 3.12027, -0.156337, 0.532487, 0.070797, 0
5.43, 0.106805, -1.71405, -1.71215, 2.75141, 2.73685, -0.0830673, 0.165321, 0.0935301, 0
4.8, -0.145085, -0.330655, -0.518503, 3.66982, 3.76505, -0.231786, -0.375265, 0, 1
4.9, -0.00144227, -1.23916, -1.16103, 3.61104, 3.67365, -0.251093, -0.0719742, 0.000708697, 0
4.9, 0.237377, -1.23916, -1.16103, 3.61104, 3.67365, -0.251093, -0.0719742, 0.000708697, 2
5, 0.255815, -1.25764, -1.76721, 3.4862, 3.52724, -0.240493, 0.28397, 0.00679816, 0
5.11, 0.67612, -1.61901, -1.91102, 3.32798, 3.32493, -0.197604, 0.495819, 0.0355401, 0
5.32, 0.338158, -1.80707, -1.64233, 2.96825, 2.95183, -0.0917549, 0.51227, 0.0955465, 0
5.53, -0.252724, -1.56378, -1.5308, 2.61431, 2.61865, -0.0558297, -0.170126, 0.11426, 0
4.9, 0.237377, -1.23916, -1.16103, 3.61104, 3.67365, -0.251093, -0.0719742, 0, 1
5, 0.255815, -1.76143, -1.57793, 3.49345, 3.52703, -0.238144, 0.224509, 0.00608379, 0
5, 0.480931, -1.76143, -1.57793, 3.49345, 3.52703, -0.238144, 0.224509, 0.00608379, 2
5.1, 0.499819, -1.40355, -1.93442, 3.3352, 3.35141, -0.20084, 0.521566, 0.0301395, 0
5.21, 0.713822, -1.60067, -1.83826, 3.16997, 3.14391, -0.13801, 0.620804, 0.0719043, 0
5.42, 0.211025, -1.56058, -1.28023, 2.83804, 2.81647, -0.0318093, 0.390631, 0.130082, 0
5.63, -0.672194, -1.17112, -1.17207, 2.55121, 2.55898, -0.0445712, -0.512174, 0.182202, 0
5, 0.480931, -1.76143, -1.57793, 3.49345, 3.52703, -0.238144, 0.224509, 0, 1
5.1, 0.499819, -1.78321, -1.82124, 3.34071, 3.34985, -0.198905, 0.472559, 0.0240497, 0
5.1, 0.705216, -1.78321, -1.82124, 3.34071, 3.34985, -0.198905, 0.472559, 0.0240497, 2
5.2, 0.570558, -1.36134, -1.85351, 3.18348, 3.16612, -0.142412, 0.657283, 0.065193, 0
5.31, 0.755355, -1.3772, -1.46725, 3.03286, 2.98347, -0.0697481, 0.663887, 0.114478, 0
5.52, 0.0132137, -1.1237, -0.739394, 2.77027, 2.75178, 0.0270022, 0.257544, 0.174406, 0
5.73, -0.848917, -0.783182, -0.792093, 2.57005, 2.59097, -0.0219757, -0.724, 0.250093, 0
5.1, 0.705216, -1.78321, -1.82124, 3.34071, 3.34985, -0.198905, 0.472559, 0, 1
5.2, 0.570558, -1.86185, -1.68703, 3.1897, 3.16546, -0.14019, 0.601015, 0.0408411, 0
5.2, 0.703768, -1.86185, -1.68703, 3.1897, 3.16546, -0.14019, 0.601015, 0.0408411, 2
5.3, 0.815222, -0.764369, -1.47204, 3.05839, 3.0075, -0.0712347, 0.778087, 0.0988349, 0
5.41, 0.59908, -0.940701, -0.709233, 2.96461, 2.88753, 0.00981344, 0.695516, 0.155126, 0
5.62, 0.375109, -0.285976, 0.127305, 2.83581, 2.82643, 0.124068, 0.39262, 0.207585, 0
5.83, -0.546108, -0.0745363, -0.141643, 2.79795, 2.82493, 0.133559, -0.302225, 0.253674, 0
6.04, -1.19996, -0.222245, -0.428681, 2.76679, 2.76504, -0.0170105, -1.13177, 0.436177, 0
5.2, 0.703768, -1.86185, -1.68703, 3.1897, 3.16546, -0.14019, 0.601015, 0, 1
5.3, 0.815222, -0.759368, -1.51225, 3.06104, 3.00216, -0.0707781, 0.766527, 0.0577867, 0
5.3, 0.635531, -0.759368, -1.51225, 3.06104, 3.00216, -0.0707781, 0.766527, 0.0577867, 2
5.4, 0.808686, -0.881962, -0.743265, 2.97898, 2.88939, 0.00339313, 0.716897, 0.11068, 0
5.51, 0.498145, -0.482999, -0.00356243, 2.9039, 2.84831, 0.0781876, 0.643003, 0.160297, 0
5.72, 0.223205, 0.0990659, 0.329054, 2.86359, 2.88249, 0.170136, 0.232699, 0.191584, 0
5.93, -0.599925, 0.106788, -0.108059, 2.88521, 2.90569, 0.154752, -0.379221, 0.234605, 0
6.14, -0.839768, 0.17623, -0.074027, 2.91492, 2.88657, 0.0231374, -0.874248, 0.346443, 0
5.3, 0.635531, -0.759368, -1.51225, 3.06104, 3.00216, -0.0707781, 0.766527, 0, 1
5.4, 0.808686, -0.495069, -0.836887, 2.96684, 2.88949, 0.00184278, 0.756147, 0.0523939, 0
5.4, 0.659852, -0.495069, -0.836887, 2.96684, 2.88949, 0.00184278, 0.756147, 0.0523939, 2
5.5, 0.610332, -0.628417, -0.0799497, 2.91066, 2.84365, 0.0706946, 0.62089, 0.0927894, 0
5.61, 0.376377, -0.0881547, 0.288338, 2.87125, 2.85511, 0.130828, 0.472436, 0.121068, 0
5.82, -0.153608, 0.198928, 0.181045, 2.88288, 2.9044, 0.174944, -0.0522754, 0.13842, 0
6.03, -0.627369, 0.295152, 0.0244981, 2.93476, 2.92598, 0.112357, -0.543796, 0.182225, 0
5.4, 0.659852, -0.495069, -0.836887, 2.96684, 2.88949, 0.00184278, 0.756147, 0, 1
5.5, 0.610332, -0.476678, -0.110172, 2.90227, 2.84727, 0.070098, 0.635994, 0.0403546, 0
5.5, 0.577119, -0.476678, -0.110172, 2.90227, 2.84727, 0.070098, 0.635994, 0.0403546, 2
5.6, 0.444936, -0.00944954, 0.219462, 2.87796, 2.85274, 0.126716, 0.496366, 0.0669063, 0
5.71, 0.146802, 0.215559, 0.351994, 2.8893, 2.88417, 0.16848, 0.262983, 0.0789798, 0
5.92, -0.243857, 0.340923, 0.316685, 2.94773, 2.95438, 0.176172, -0.189731, 0.0874866, 0
6.13, -0.546265, 0.449719, 0.324547, 3.03075, 3.02171, 0.104996, -0.488134, 0.125063, 0
5.5, 0.577119, -0.476678, -0.110172, 2.90227, 2.84727, 0.070098, 0.635994, 0, 1
5.6, 0.444936, 0.0673958, 0.170678, 2.87699, 2.85397, 0.126664, 0.497678, 0.0262605, 0
5.6, 0.399172, 0.0673958, 0.170678, 2.87699, 2.85397, 0.126664, 0.497678, 0.0262605, 2
5.7, 0.230376, 0.278825, 0.33289, 2.89431, 2.87915, 0.166214, 0.293316, 0.0368811, 0
5.81, -0.0219311, 0.38984, 0.450462, 2.93108, 2.92223, 0.186373, 0.0732069, 0.0398265, 0
6.02, -0.284353, 0.459217, 0.507885, 3.02023, 3.02286, 0.167206, -0.255743, 0.048367, 0
6.23, -0.420605, 0.520371, 0.457494, 3.12309, 3.12422, 0.0987389, -0.396328, 0.0754323, 0
5.6, 0.399172, 0.0673958, 0.170678, 2.87699, 2.85397, 0.126664, 0.497678, 0, 1
5.7, 0.230376, 0.35467, 0.304703, 2.89449, 2.8791, 0.165966, 0.299581, 0.0101457, 0
5.7, 0.189296, 0.35467, 0.304703, 2.89449, 2.8791, 0.165966, 0.299581, 0.0101457, 2
5.8, 0.0463961, 0.40315, 0.455556, 2.93238, 2.91711, 0.185772, 0.0965251, 0.012045, 0
5.91, -0.150737, 0.497038, 0.572555, 2.98189, 2.97366, 0.18687, -0.0765596, 0.013413, 0
6.12, -0.281687, 0.560667, 0.605005, 3.09295, 3.0973, 0.149482, -0.279515, 0.0241303, 0
6.33, -0.265143, 0.554302, 0.511424, 3.21002, 3.21453, 0.0917147, -0.27065, 0.0398434, 0
5.7, 0.189296, 0.35467, 0.304703, 2.89449, 2.8791, 0.165966, 0.299581, 0, 1
5.8, 0.0463961, 0.493458, 0.435258, 2.93223, 2.91701, 0.185353, 0.107123, 0.00155894, 0
5.8, 0.00351874, 0.493458, 0.435258, 2.93223, 2.91701, 0.185353, 0.107123, 0.00155894, 2
5.9, -0.0911839, 0.482782, 0.583546, 2.98104, 2.96795, 0.187632, -0.0615425, 0.00197528, 0
6.01, -0.241378, 0.563898, 0.657055, 3.03861, 3.03618, 0.174157, -0.18346, 0.00563704, 0
6.22, -0.243653, 0.606463, 0.602151, 3.1615, 3.1684, 0.126619, -0.269285, 0.0179882, 0
6.43, -0.091045, 0.551985, 0.512487, 3.28313, 3.28544, 0.0856238, -0.121143, 0.025092, 0
5.8, 0.00351874, 0.493458, 0.435258, 2.93223, 2.91701, 0.185353, 0.107123, 0, 1
5.9, -0.0911839, 0.590829, 0.559353, 2.98054, 2.96811, 0.187117, -0.0485122, 0.000266868, 0
5.9, -0.14481, 0.590829, 0.559353, 2.98054, 2.96811, 0.187117, -0.0485122, 0.000266868, 2
6, -0.183468, 0.526682, 0.669891, 3.03642, 3.02957, 0.175807, -0.177704, 0.00299837, 0
6.11, -0.297575, 0.578431, 0.66644, 3.0972, 3.10307, 0.152238, -0.250825, 0.00971998, 0
6.32, -0.179586, 0.581932, 0.515238, 3.21904, 3.22714, 0.101433, -0.233031, 0.0224042, 0
6.53, 0.0713227, 0.500598, 0.467154, 3.3327, 3.33029, 0.0797953, 0.0269607, 0.0263246, 0
5.9, -0.14481, 0.590829, 0.559353, 2.98054, 2.96811, 0.187117, -0.0485122, 0, 1
6, -0.183468, 0.6633, 0.634364, 3.03539, 3.02987, 0.175177, -0.161754, 0.00270662, 0
6, -0.182665, 0.6633, 0.634364, 3.03539, 3.02987, 0.175177, -0.161754, 0.00270662, 2
6.1, -0.354394, 0.374421, 0.670466, 3.08728, 3.09511, 0.153036, -0.281057, 0.0106547, 0
6.21, -0.271456, 0.490128, 0.476556, 3.13483, 3.1582, 0.12008, -0.318152, 0.0216153, 0
6.42, -0.332343, 0.35165, 0.193971, 3.22322, 3.2286, 0.0557476, -0.294533, 0.0409501, 0
6.63, 0.0631938, 0.264572, 0.269343, 3.28792, 3.27725, 0.0183046, -0.0620678, 0.0529668, 0
6.84, 0.340953, 0.299467, 0.389063, 3.34714, 3.34638, 0.045577, 0.321805, 0.0655923, 0
6, -0.182665, 0.6633, 0.634364, 3.03539, 3.02987, 0.175177, -0.161754, 0, 1
6.1, -0.354394, 0.236072, 0.73706, 3.08889, 3.09814, 0.153401, -0.290293, 0.00745658, 0
6.1, -0.22167, 0.236072, 0.73706, 3.08889, 3.09814, 0.153401, -0.290293, 0.00745658, 2
6.2, -0.388992, 0.528618, 0.479399, 3.12712, 3.15896, 0.123531, -0.307095, 0.0174792, 0
6.31, -0.295514, 0.382139, 0.213944, 3.17721, 3.1971, 0.0875002, -0.34802, 0.0306046, 0
6.52, -0.273203, 0.187969, 0.103728, 3.23707, 3.23045, 0.0241304, -0.255502, 0.0476113, 0
6.73, 0.108217, 0.170922, 0.25214, 3.27476, 3.26782, -0.00312466, -0.00407082, 0.0566781, 0
6.94, 0.298186, 0.138961, 0.223612, 3.3073, 3.31777, 0.0276492, 0.297155, 0.0672438, 0
6.1, -0.22167, 0.236072, 0.73706, 3.08889, 3.09814, 0.153401, -0.290293, 0, 1
6.2, -0.388992, 0.285575, 0.541567, 3.13471, 3.15976, 0.124579, -0.333613, 0.00955602, 0
6.2, -0.263276, 0.285575, 0.541567, 3.13471, 3.15976, 0.124579, -0.333613, 0.00955602, 2
6.3, -0.405718, 0.425789, 0.24596, 3.17028, 3.19914, 0.0911682, -0.334601, 0.0212521, 0
6.41, -0.269007, 0.213927, 0.0616856, 3.20546, 3.21606, 0.0541853, -0.337816, 0.0342856, 0
6.62, -0.213477, 0.0747374, 0.0525005, 3.23577, 3.22805, -0.00201926, -0.197466, 0.0466689, 0
6.83, 0.136953, 0.102565, 0.165962, 3.25439, 3.25099, -0.0191934, 0.0339034, 0.0534234, 0
7.04, 0.257531, 0.0563469, 0.113537, 3.27107, 3.28034, 0.012851, 0.271281, 0.0623567, 0
6.2, -0.263276, 0.285575, 0.541567, 3.13471, 3.15976, 0.124579, -0.333613, 0, 1
6.3, -0.405718, 0.173081, 0.324041, 3.17756, 3.19901, 0.0921526, -0.359522, 0.0113579, 0
6.3, -0.27809, 0.173081, 0.324041, 3.17756, 3.19901, 0.0921526, -0.359522, 0.0113579, 2
6.4, -0.380071, 0.262017, 0.0963601, 3.19932, 3.22003, 0.0579011, -0.325509, 0.0224473, 0
6.51, -0.215872, 0.083558, -0.0209992, 3.21832, 3.22418, 0.0238581, -0.293455, 0.0329553, 0
6.72, -0.1557, 0.0015214, -0.00693605, 3.22726, 3.22124, -0.0213377, -0.136981, 0.0403939, 0
6.93, 0.149806, 0.0324389, 0.0761374, 3.23082, 3.22851, -0.0296508, 0.0578092, 0.0452957, 0
7.14, 0.213217, 0.0036427, 0.0409029, 3.23461, 3.2408, 0.00136552, 0.237585, 0.0524256, 0
6.3, -0.27809, 0.173081, 0.324041, 3.17756, 3.19901, 0.0921526, -0.359522, 0, 1
6.4, -0.380071, 0.014168, 0.177862, 3.20549, 3.22004, 0.0588474, -0.349468, 0.0109161, 0
6.4, -0.258406, 0.014168, 0.177862, 3.20549, 3.22004, 0.0588474, -0.349468, 0.0109161, 2
6.5, -0.322242, 0.139071, 0.00293655, 3.21315, 3.22908, 0.0272048, -0.283385, 0.0194467, 0
6.61, -0.159207, -0.00368244, -0.0837158, 3.2206, 3.22464, -0.0012364, -0.233727, 0.026552, 0
6.82, -0.10011, -0.0546929, -0.0631955, 3.21447, 3.20921, -0.0344387, -0.0824855, 0.0302657, 0
7.03, 0.147289, -0.026645, 0.0110358, 3.20593, 3.20374, -0.0355741, 0.071672, 0.0335959, 0
7.24, 0.164015, -0.0361588, -0.0106907, 3.19933, 3.20377, -0.00770806, 0.193719, 0.0386984, 0
6.4, -0.258406, 0.014168, 0.177862, 3.20549, 3.22004, 0.0588474, -0.349468, 0, 1
6.5, -0.322242, -0.0881747, 0.0745254, 3.21844, 3.22922, 0.0281089, -0.306274, 0.00846276, 0
6.5, -0.218019, -0.0881747, 0.0745254, 3.21844, 3.22922, 0.0281089, -0.306274, 0.00846276, 2
6.6, -0.250821, 0.0525825, -0.0685577, 3.21666, 3.22952, 0.00149566, -0.22599, 0.0139849, 0
6.71, -0.106367, -0.0658629, -0.133584, 3.21593, 3.2184, -0.0203289, -0.17082, 0.0180673, 0
6.92, -0.0494662, -0.0959674, -0.100691, 3.19894, 3.1938, -0.0420245, -0.0358046, 0.0195122, 0
7.13, 0.133923, -0.0650352, -0.0303147, 3.18204, 3.18005, -0.037636, 0.0775998, 0.0216523, 0
7.34, 0.114947, -0.0631312, -0.0459931, 3.16858, 3.17203, -0.0141932, 0.145665, 0.0249228, 0
6.5, -0.218019, -0.0881747, 0.0745254, 3.21844, 3.22922, 0.0281089, -0.306274, 0, 1
6.6, -0.250821, -0.138009, -0.0116236, 3.221, 3.22958, 0.00228261, -0.245913, 0.00550424, 0
6.6, -0.169973, -0.138009, -0.0116236, 3.221, 3.22958, 0.00228261, -0.245913, 0.00550424, 2
6.7, -0.177439, -0.0150352, -0.123658, 3.21334, 3.22282, -0.0182748, -0.165235, 0.00852301, 0
6.81, -0.0589718, -0.10974, -0.163396, 3.20648, 3.20703, -0.0334398, -0.110492, 0.0104459, 0
7.02, -0.00622753, -0.11828, -0.116274, 3.18254, 3.17767, -0.0447571, 0.00270769, 0.0108152, 0
7.23, 0.114855, -0.0830683, -0.0537376, 3.1614, 3.15982, -0.0363136, 0.077706, 0.0122044, 0
7.44, 0.0729803, -0.0753909, -0.0653214, 3.14476, 3.14731, -0.0175216, 0.101266, 0.0141487, 0
6.6, -0.169973, -0.138009, -0.0116236, 3.221, 3.22958, 0.00228261, -0.245913, 0, 1
6.7, -0.177439, -0.160106, -0.0818736, 3.21654, 3.22275, -0.0176614, -0.180764, 0.00301785, 0
6.7, -0.120854, -0.160106, -0.0818736, 3.21654, 3.22275, -0.0176614, -0.180764, 0.00301785, 2
6.8, -0.109275, -0.0699877, -0.157523, 3.20504, 3.21078, -0.0320675, -0.107357, 0.00434519, 0
6.91, -0.0183441, -0.135284, -0.172365, 3.19375, 3.19264, -0.0410888, -0.0566671, 0.00502046, 0
7.12, 0.0255127, -0.123611, -0.116946, 3.16656, 3.16226, -0.0437948, 0.0308955, 0.00512414, 0
7.33, 0.0913842, -0.0874428, -0.064619, 3.1444, 3.1432, -0.0331023, 0.0709378, 0.00606934, 0
7.54, 0.03533, -0.0763522, -0.0716364, 3.1272, 3.12889, -0.0193621, 0.0599208, 0.00707727, 0
6.7, -0.120854, -0.160106, -0.0818736, 3.21654, 3.22275, -0.0176614, -0.180764, 0, 1
6.8, -0.109275, -0.169696, -0.129608, 3.20706, 3.21065, -0.0316372, -0.118249, 0.00132511, 0
6.8, -0.0748834, -0.169696, -0.129608, 3.20706, 3.21065, -0.0316372, -0.118249, 0.00132511, 2
6.9, -0.0492965, -0.10609, -0.170466, 3.19327, 3.19565, -0.0403247, -0.0555014, 0.00172699, 0
7.01, 0.0128474, -0.142947, -0.164485, 3.17957, 3.17722, -0.0440434, -0.0121104, 0.00186973, 0
7.22, 0.0470104, -0.115572, -0.105941, 3.15242, 3.14883, -0.0401716, 0.0489848, 0.00211911, 0
7.43, 0.0659606, -0.0813963, -0.0646757, 3.13174, 3.13091, -0.0287402, 0.0598855, 0.00280799, 0
7.64, 0.00555488, -0.0689377, -0.068393, 3.11596, 3.11694, -0.019846, 0.0248209, 0.00326806, 0
6.8, -0.0748834, -0.169696, -0.129608, 3.20706, 3.21065, -0.0316372, -0.118249, 0, 1
6.9, -0.0492965, -0.163109, -0.155756, 3.19424, 3.19546, -0.0400661, -0.0620481, 0.000390972, 0
6.9, -0.0346736, -0.163109, -0.155756, 3.19424, 3.19546, -0.0400661, -0.0620481, 0.000390972, 2
7, -0.000944346, -0.124529, -0.165941, 3.17986, 3.17938, -0.0437995, -0.0126189, 0.000451129, 0
7.11, 0.0345992, -0.136168, -0.143691, 3.16552, 3.16235, -0.0433024, 0.0216572, 0.000517019, 0
7.32, 0.058532, -0.0981133, -0.0868551, 3.14092, 3.13814, -0.0349535, 0.0578562, 0.00100244, 0
7.53, 0.0414643, -0.0680614, -0.0573499, 3.12347, 3.123, -0.0240028, 0.0464362, 0.0015427, 0
7.74, -0.0160215, -0.0558972, -0.0584416, 3.11046, 3.11084, -0.0193959, -0.00256109, 0.00175018, 0
6.9, -0.0346736, -0.163109, -0.155756, 3.19424, 3.19546, -0.0400661, -0.0620481, 0, 1
7, -0.000944346, -0.145063, -0.162179, 3.17997, 3.17918, -0.0436903, -0.0153846, 4.11965e-005, 0
7, -0.00193897, -0.145063, -0.162179, 3.17997, 3.17918, -0.0436903, -0.0153846, 4.11965e-005, 2
7.1, 0.0343558, -0.127546, -0.147688, 3.16634, 3.16369, -0.0434637, 0.0199149, 0.000100401, 0
7.21, 0.047553, -0.118579, -0.114709, 3.15281, 3.14926, -0.0399261, 0.0444053, 0.000289689, 0
7.42, 0.0612466, -0.0752414, -0.063754, 3.13246, 3.13052, -0.0290759, 0.0589301, 0.000920994, 0
7.63, 0.0199506, -0.0507649, -0.0454694, 3.11922, 3.11905, -0.0194979, 0.0322891, 0.00135666, 0
7.84, -0.0299611, -0.0401799, -0.0445718, 3.10968, 3.1096, -0.0184081, -0.0219103, 0.0014927, 0
7, -0.00193897, -0.145063, -0.162179, 3.17997, 3.17918, -0.0436903, -0.0153846, 0, 1
7.1, 0.0343558, -0.120201, -0.152015, 3.16582, 3.16351, -0.0434707, 0.0200902, 3.72489e-005, 0
7.1, 0.0222233, -0.120201, -0.152015, 3.16582, 3.16351, -0.0434707, 0.0200902, 3.72489e-005, 2
7.2, 0.0570566, -0.117845, -0.120378, 3.15392, 3.14989, -0.0403695, 0.0419335, 0.000224716, 0
7.31, 0.0524109, -0.094259, -0.0823854, 3.14225, 3.13874, -0.0349373, 0.0568332, 0.000554845, 0
7.52, 0.0573301, -0.0506345, -0.040082, 3.12704, 3.12588, -0.0233018, 0.0539808, 0.00118838, 0
7.73, 0.00218085, -0.0324418, -0.0314205, 3.11832, 3.11837, -0.0156625, 0.0187745, 0.00153398, 0
7.94, -0.0369118, -0.0239777, -0.0292709, 3.11239, 3.112, -0.0172347, -0.0337473, 0.00167754, 0
7.1, 0.0222233, -0.120201, -0.152015, 3.16582, 3.16351, -0.0434707, 0.0200902, 0, 1
7.2, 0.0570566, -0.0907377, -0.130334, 3.15298, 3.14974, -0.0404599, 0.0442217, 0.000167244, 0
7.2, 0.0381165, -0.0907377, -0.130334, 3.15298, 3.14974, -0.0404599, 0.0442217, 0.000167244, 2
7.3, 0.0679137, -0.0994793, -0.0887999, 3.14347, 3.13878, -0.0355464, 0.0540467, 0.000470501, 0
7.41, 0.0511398, -0.0670683, -0.0504208, 3.13431, 3.13113, -0.0292505, 0.0604256, 0.000868016, 0
7.62, 0.0485481, -0.0270224, -0.0180318, 3.12443, 3.12394, -0.0181758, 0.0450474, 0.0013901, 0
7.83, -0.0106775, -0.0149765, -0.0171445, 3.12002, 3.12024, -0.0127004, 0.00709903, 0.00164954, 0
8.04, -0.0382381, -0.00916501, -0.0144822, 3.11749, 3.11692, -0.0160251, -0.0387621, 0.00181504, 0
7.2, 0.0381165, -0.0907377, -0.130334, 3.15298, 3.14974, -0.0404599, 0.0442217, 0, 1
7.3, 0.0679137, -0.0615199, -0.101533, 3.14234, 3.13867, -0.0356854, 0.0575651, 0.000288459, 0
7.3, 0.0460446, -0.0615199, -0.101533, 3.14234, 3.13867, -0.0356854, 0.0575651, 0.000288459, 2
7.4, 0.0693637, -0.0759911, -0.056809, 3.13547, 3.13076, -0.0299211, 0.0577205, 0.000635031, 0
7.51, 0.0449789, -0.0402209, -0.0218894, 3.12907, 3.12643, -0.023607, 0.0570813, 0.00101092, 0
7.72, 0.0373006, -0.00657029, 0.000437681, 3.12416, 3.12418, -0.0140526, 0.0339137, 0.00136944, 0
7.93, -0.0192306, -8.55315e-005, -0.0041854, 3.12346, 3.12378, -0.0107271, -0.00224222, 0.00155436, 0
8.14, -0.0350888, 0.003232, -0.001588, 3.12379, 3.12318, -0.0150002, -0.0384545, 0.00172247, 0
7.3, 0.0460446, -0.0615199, -0.101533, 3.14234, 3.13867, -0.0356854, 0.0575651, 0, 1
7.4, 0.0693637, -0.0335249, -0.0705281, 3.1343, 3.13069, -0.0300823, 0.0618011, 0.000337509, 0
7.4, 0.0473661, -0.0335249, -0.0705281, 3.1343, 3.13069, -0.0300823, 0.0618011, 0.000337509, 2
7.5, 0.0634727, -0.0511919, -0.0276327, 3.13007, 3.12578, -0.0242587, 0.0546707, 0.000651125, 0
7.61, 0.0359205, -0.0162866, 0.0015826, 3.12636, 3.12434, -0.0185634, 0.0488808, 0.000943674, 0
7.82, 0.025137, 0.00960275, 0.0145607, 3.12566, 3.12604, -0.0110989, 0.0222101, 0.0011455, 0
8.03, -0.0236308, 0.0114957, 0.00633041, 3.12787, 3.12823, -0.00970897, -0.00897303, 0.00127048, 0
8.24, -0.0290803, 0.0125146, 0.00859378, 3.13039, 3.1298, -0.0142458, -0.0342348, 0.00141791, 0
7.4, 0.0473661, -0.0335249, -0.0705281, 3.1343, 3.13069, -0.0300823, 0.0618011, 0, 1
7.5, 0.0634727, -0.00966473, -0.0406541, 3.129, 3.12574, -0.0244204, 0.0587643, 0.000309293, 0
7.5, 0.0436389, -0.00966473, -0.0406541, 3.129, 3.12574, -0.0244204, 0.0587643, 0.000309293, 2
7.6, 0.052699, -0.0277231, -0.00313385, 3.12713, 3.12355, -0.0191359, 0.0469259, 0.000543387, 0
7.71, 0.0255714, 0.00327652, 0.0190982, 3.12579, 3.12443, -0.0144728, 0.0378574, 0.00073211, 0
7.92, 0.0134553, 0.0210296, 0.0239737, 3.12834, 3.12895, -0.009322, 0.0111983, 0.000819785, 0
8.13, -0.0245299, 0.0193586, 0.013936, 3.13258, 3.13293, -0.00952413, -0.0131233, 0.000901981, 0
8.34, -0.0215357, 0.0185314, 0.0157044, 3.13656, 3.13605, -0.0137922, -0.0275246, 0.00101387, 0
7.5, 0.0436389, -0.00966473, -0.0406541, 3.129, 3.12574, -0.0244204, 0.0587643, 0, 1
7.6, 0.052699, 0.00884534, -0.0142982, 3.12624, 3.12355, -0.0192813, 0.0506075, 0.000232709, 0
7.6, 0.0365176, 0.00884534, -0.0142982, 3.12624, 3.12355, -0.0192813, 0.0506075, 0.000232709, 2
7.7, 0.0393296, -0.00738112, 0.0155842, 3.12631, 3.12362, -0.0149292, 0.0364356, 0.000376701, 0
7.81, 0.0152373, 0.0177328, 0.0304463, 3.12688, 3.12615, -0.0115072, 0.0257823, 0.000474528, 0
8.02, 0.00325814, 0.027741, 0.0288886, 3.13165, 3.13238, -0.00861601, 0.00175278, 0.000500017, 0
8.23, -0.0227524, 0.0236109, 0.0185746, 3.13705, 3.13736, -0.0100028, -0.0149599, 0.000555477, 0
8.44, -0.0136225, 0.0214558, 0.01976, 3.14178, 3.14139, -0.0136368, -0.0196505, 0.000629304, 0
7.6, 0.0365176, 0.00884534, -0.0142982, 3.12624, 3.12355, -0.0192813, 0.0506075, 0, 1
7.7, 0.0393296, 0.0217205, 0.0069475, 3.12564, 3.12364, -0.0150474, 0.0394275, 0.000143886, 0
7.7, 0.027541, 0.0217205, 0.0069475, 3.12564, 3.12364, -0.0150474, 0.0394275, 0.000143886, 2
7.8, 0.0253177, 0.00872115, 0.0281645, 3.12716, 3.12539, -0.0118308, 0.0249044, 0.000213853, 0
7.91, 0.00589953, 0.0269639, 0.0360638, 3.12912, 3.12893, -0.00968641, 0.0140839, 0.000251017, 0
8.12, -0.00482194, 0.0302321, 0.029939, 3.13513, 3.13586, -0.00879571, -0.00560102, 0.000257112, 0
8.33, -0.0191495, 0.0247148, 0.0204943, 3.1409, 3.14115, -0.0109462, -0.0148798, 0.000298052, 0
8.54, -0.00619719, 0.0217434, 0.0210858, 3.14578, 3.14552, -0.0137343, -0.0116732, 0.000340584, 0
7.7, 0.027541, 0.0217205, 0.0069475, 3.12564, 3.12364, -0.0150474, 0.0394275, 0, 1
7.8, 0.0253177, 0.029245, 0.0223032, 3.12673, 3.12543, -0.0119164, 0.027071, 6.98922e-005, 0
7.8, 0.0180517, 0.029245, 0.0223032, 3.12673, 3.12543, -0.0119164, 0.027071, 6.98922e-005, 2
7.9, 0.0121596, 0.0200624, 0.0349295, 3.12919, 3.12829, -0.00987771, 0.0137019, 9.35764e-005, 0
8.01, -0.00176662, 0.0313666, 0.0368376, 3.13202, 3.13224, -0.00891503, 0.00380141, 0.00010188, 0
8.22, -0.0105481, 0.0292885, 0.0279503, 3.13839, 3.13904, -0.00963639, -0.0106715, 0.000113889, 0
8.43, -0.0145161, 0.0233072, 0.0201343, 3.14391, 3.14409, -0.0121613, -0.0133755, 0.000147694, 0
8.64, 9.41161e-005, 0.01998, 0.0201952, 3.14846, 3.14833, -0.0140295, -0.00441674, 0.000169819, 0
7.8, 0.0180517, 0.029245, 0.0223032, 3.12673, 3.12543, -0.0119164, 0.027071, 0, 1
7.9, 0.0121596, 0.0319591, 0.0317868, 3.12898, 3.12834, -0.00992973, 0.015019, 2.31073e-005, 0
7.9, 0.00906676, 0.0319591, 0.0317868, 3.12898, 3.12834, -0.00992973, 0.015019, 2.31073e-005, 2
8, 0.000959256, 0.0267631, 0.0366776, 3.13192, 3.13177, -0.00898683, 0.00383913, 2.72637e-005, 0
8.11, -0.00746371, 0.0317134, 0.0338828, 3.13514, 3.13565, -0.00901852, -0.00441536, 3.03781e-005, 0
8.32, -0.0139018, 0.0258309, 0.0238451, 3.14118, 3.14171, -0.0109021, -0.0135237, 5.65196e-005, 0
8.53, -0.00958498, 0.0201108, 0.0180656, 3.146, 3.14611, -0.0134704, -0.0109364, 8.64584e-005, 0
8.74, 0.00495905, 0.0168268, 0.0176884, 3.14988, 3.14986, -0.0144512, 0.00159593, 9.86871e-005, 0
7.9, 0.00906676, 0.0319591, 0.0317868, 3.12898, 3.12834, -0.00992973, 0.015019, 0, 1
8, 0.000959256, 0.0309471, 0.0358964, 3.1319, 3.13182, -0.0090082, 0.00438033, 3.06079e-006, 0
8, 0.00134657, 0.0309471, 0.0358964, 3.1319, 3.13182, -0.0090082, 0.00438033, 3.06079e-006, 2
8.1, -0.00770575, 0.0292735, 0.0344765, 3.13491, 3.13533, -0.00899251, -0.00406651, 6.12038e-006, 0
8.21, -0.0110964, 0.028955, 0.0284157, 3.13812, 3.13879, -0.00978135, -0.010276, 1.61583e-005, 0
8.42, -0.0151649, 0.0207961, 0.0185186, 3.14334, 3.14372, -0.0123749, -0.0144246, 5.32341e-005, 0
8.63, -0.00488944, 0.015851, 0.0148619, 3.14719, 3.14723, -0.0147331, -0.00803387, 7.98916e-005, 0
8.84, 0.0082308, 0.0128953, 0.0141814, 3.15021, 3.15028, -0.0149393, 0.00606963, 8.95151e-005, 0
