0, 1.2, 0, 0, 3.14159, 3.14159, 0, 0, 0, 1
0.1, 0.948, 3.65584, 1.86579, 3.55375, 3.15478, 0.0701045, 0.94419, 0.115877, 0
0.1, 0.535047, 3.65584, 1.86579, 3.55375, 3.15478, 0.0701045, 0.94419, 0.115877, 2
0.2, 1.14891, -2.17729, 4.96075, 3.62768, 3.49611, 0.158813, 0.829988, 0.19619, 0
0.31, -0.683712, -7.11307, 1.71543, 3.11671, 3.8633, 0.211867, 0.134615, 0.294501, 0
0.52, -0.209264, -7.65775, -4.54373, 1.56577, 3.56633, 0.151462, -0.709894, 0.348182, 0
0.73, -1.18406, -20.0626, 15.9417, -1.34487, 4.76312, 0.00440378, -0.690663, 0.49999, 0
0.1, 0.535047, 3.65584, 1.86579, 3.55375, 3.15478, 0.0701045, 0.94419, 0.115877, 1
0.2, 1.14891, -1.73725, 5.27103, 3.57091, 3.53194, 0.153747, 0.958257, 0.18991, 0
0.2, 1.15835, -1.73725, 5.27103, 3.57091, 3.53194, 0.153747, 0.958257, 0.18991, 2
0.3, 1.2, -1.04922, 3.4312, 3.44398, 3.95189, 0.260552, 1.2, 0.281834, 0
0.41, -1.00896, -6.03545, -3.37253, 3.07229, 3.95342, 0.321826, -0.084848, 0.393279, 0
0.62, 0.52672, -6.29475, -6.40326, 1.75535, 2.93258, 0.279926, -0.313617, 0.5, 0
0.83, -1.0925, -23.2132, 23.969, -1.35725, 4.77929, 0.218633, -0.268939, 0.5, 0
0.2, 1.15835, -1.73725, 5.27103, 3.57091, 3.53194, 0.153747, 0.958257, 0.18991, 1
0.3, 1.2, -0.442934, 2.38103, 3.44932, 3.95165, 0.263342, 1.16894, 0.32897, 0
0.3, -1.08251, -0.442934, 2.38103, 3.44932, 3.95165, 0.263342, 1.16894, 0.32897, 2
0.4, -0.851285, -16.3749, -5.06162, 2.30517, 3.8906, 0.252111, -1.19915, 0.350623, 0
0.51, 1.2, -6.16366, -9.91839, 0.962396, 3.07731, 0.198712, 0.391471, 0.420259, 0
0.72, -0.798532, -25, -13.7671, -2.4289, 0.599394, 0.254327, 0.111401, 0.5, 0
0.93, 1.2, 2.4442, -24.9999, -4.87921, -3.58589, 0.297124, 0.287933, 0.483288, 0
0.3, -1.08251, -2.53017e-098, 0, 1.60081e-154, 0, 0, 0, 0, 1
0.4, -0.851285, 7.70836, -1.40319, 0.514416, -0.0989008, -0.0631437, -0.849265, 0.0939344, 0
0.4, -0.851285, 0, 0, 0, 0, 0, 0, 0, 0
0.4, -0.722242, 0, 0, 0, 0, 0, 0, 0, 2
0.5, 0.970859, -1.62612, 0.682218, -0.0813059, 0.0341109, 0.0069446, 0.138892, 0.0732101, 0
0.61, -1.2, -4.15551, 5.67364, -0.399295, 0.383683, 0.00599581, -0.156143, 0.204251, 0
0.82, 0.847506, -4.85299, 6.82029, -1.34519, 1.69554, -0.0298618, -0.185359, 0.430869, 0
0.4, -0.722242, 7.70836, -1.40319, 0.514416, -0.0989008, -0.0631437, -0.849265, 0.0939344, 1
0.5, 0.970859, 8.47809, -3.63025, 1.30781, -0.325199, -0.0978929, 0.345168, 0.119368, 0
0.5, 1.2, 8.47809, -3.63025, 1.30781, -0.325199, -0.0978929, 0.345168, 0.119368, 2
0.6, -0.846529, -18.3907, 25, 1.37132, 0.901817, -0.0714604, 0.16451, -0.121176, 0
0.71, 1.2, -19.3922, 24.9982, -1.76751, 4.83988, -0.0549325, 0.164419, -0.330454, 0
0.92, -1.2, 22.7145, -25, -0.2185, 3.79586, -0.0460251, -0.0722895, -0.485621, 0
0.5, 1.2, 8.47809, -3.63025, 1.30781, -0.325199, -0.0978929, 0.345168, 0.119368, 1
0.6, -0.846529, 18.5098, 11.0252, 2.58021, -0.219416, -0.0598536, -0.170422, 0.157394, 0
0.6, -1.2, 18.5098, 11.0252, 2.58021, -0.219416, -0.0598536, -0.170422, 0.157394, 2
0.7, 1.2, -21.9026, 5.34165, 0.370496, 2.17754, -0.0707445, -0.41875, 0.183782, 0
0.81, -1.2, -21.8346, 0.447271, -3.08381, 1.27163, -0.0527116, -0.246391, -0.10398, 0
1.02, -0.502213, 13.9021, -17.1902, -1.51, -0.978874, -0.123921, -1.2, -0.393172, 0
1.23, 1.2, -21.4484, 18.8305, -4.35647, 7.2591, -0.369226, 1.06709, -0.330461, 0
0.6, -1.2, 18.5098, 11.0252, 2.58021, -0.219416, -0.0598536, -0.170422, 0.157394, 1
0.7, 1.2, 20.6907, 17.1962, 4.5694, 1.36167, -0.0827515, 0.409273, 0.205394, 0
0.7, -1.2, 20.6907, 17.1962, 4.5694, 1.36167, -0.0827515, 0.409273, 0.205394, 2
0.8, 1.2, 25, 3.5289, 7.18659, 2.39943, -0.102714, -0.169036, 0.232173, 0
0.91, 1.11752, 25, -25, 10.8945, 0.70776, -0.0207471, 1.2, 0.28197, 0
1.12, -1.2, 25, -25, 18.5455, -6.70058, 0.0887306, -0.70118, 0.5, 0
0.7, -1.2, 20.6907, 17.1962, 4.5694, 1.36167, -0.0827515, 0.409273, 0.205394, 1
0.8, 1.2, 12.9077, 12.7287, 6.32024, 2.87849, -0.0845725, 0.455375, 0.253394, 0
0.8, 1.2, 12.9077, 12.7287, 6.32024, 2.87849, -0.0845725, 0.455375, 0.253394, 2
0.9, -0.523346, 25, -8.89136, 10.3429, -1.72213, -0.0301146, 0.603898, 0.169608, 0
1.01, -1.2, 25, -25, 17.3931, -7.78364, -0.0923644, -1.2, 0.0482197, 0
1.22, 1.2, 25, -25, 28.1971, -19.3494, -0.220174, 0.655394, 0.294182, 0
0.8, 1.2, 12.9077, 12.7287, 6.32024, 2.87849, -0.0845725, 0.455375, 0.253394, 1
0.9, -0.523346, 16.1015, 6.07018, 7.76883, 4.02993, -0.0344914, 0.0440209, 0.28959, 0
0.9, 0.164685, 16.1015, 6.07018, 7.76883, 4.02993, -0.0344914, 0.0440209, 0.28959, 2
1, -1.2, 24.9457, -25, 11.8483, -0.624413, -0.256789, -1.10074, 0.362396, 0
1.11, -0.0991761, 25, -25, 19.7651, -8.64934, -0.354435, -1.02632, 0.47358, 0
1.32, -1.2, 25, -25, 30.8504, -22.2063, -0.367911, -0.615589, -0.22041, 0
0.9, 0.164685, 16.1015, 6.07018, 7.76883, 4.02993, -0.0344914, 0.0440209, 0.28959, 1
1, -1.2, 21.1214, -20.1235, 9.32116, 3.53073, -0.0563384, -0.713415, 0.331906, 0
1, 1.1565, 21.1214, -20.1235, 9.32116, 3.53073, -0.0563384, -0.713415, 0.331906, 2
1.1, -1.2, 25, -19.31, 20.8686, 1.86347, 0.0563063, -0.307627, 0.415201, 0
1.21, -0.558495, 18.5954, 4.76716, 24.5224, 3.48823, 0.00169003, -1.05494, 0.165801, 0
1.42, 1.01687, -9.69172, 13.3257, 25.8348, 5.21283, 0.100286, 1.2, -0.5, 0
1.63, -0.977505, 25, -24.7744, 25.9199, 7.05619, 0.18301, -0.293571, -0.431806, 0
1.84, -1.2, 25, -25, 74.6928, -38.3078, -0.354889, -1.2, -0.5, 0
1, 1.1565, 21.1214, -20.1235, 9.32116, 3.53073, -0.0563384, -0.713415, 0.331906, 1
1.1, -1.2, 14.219, -0.532571, 11.1947, 2.53602, -0.0672625, -0.491919, 0.378229, 0
1.1, -1.2, 14.219, -0.532571, 11.1947, 2.53602, -0.0672625, -0.491919, 0.378229, 2
1.2, -0.1938, 25, -18.9777, 13.1614, 0.856318, -0.124546, -0.970051, 0.406259, 0
1.31, 0.683908, 25, -25, 16.5919, -2.36219, -0.15423, 0.430348, 0.384736, 0
1.52, 1.2, -25, 22.6728, 16.4457, -2.50506, 0.0170737, 1.18652, 0.5, 0
1.1, -1.2, 14.219, -0.532571, 11.1947, 2.53602, -0.0672625, -0.491919, 0.378229, 1
1.2, -0.1938, 11.0851, 1.93196, 12.5843, 2.77053, -0.136502, -0.503328, 0.435233, 0
1.2, 0.487111, 11.0851, 1.93196, 12.5843, 2.77053, -0.136502, -0.503328, 0.435233, 2
1.3, 0.600015, 3.17856, -0.106339, 13.2975, 2.86178, -0.128354, 0.666394, 0.412918, 0
1.41, 1.2, 11.7187, -3.45665, 14.1169, 2.66582, -0.0383061, 0.970923, 0.5, 0
1.62, 0.0259111, 13.6728, -9.6644, 16.783, 1.2881, 0.115233, 0.491355, 0.5, 0
1.2, 0.487111, -2.53017e-098, 0, 1.60081e-154, 0, 0, 0, 0, 1
1.3, 0.600015, -5.14504, 1.5802, -0.288152, 0.0710587, 0.0338074, 0.520226, 0.0296523, 0
1.3, 0.600015, 0, 0, 0, 0, 0, 0, 0, 0
1.3, -1.04087, 0, 0, 0, 0, 0, 0, 0, 2
1.4, -1.2, 12.4396, -20.9082, 4.90887, -3.09754, -0.260293, -1.14981, 0.364555, 0
1.51, 1.2, -9.31271, -19.6711, 5.41626, -5.62123, -0.24787, 0.158257, 0.355455, 0
1.72, 0.559348, 25, -25, 7.18302, -11.6529, 0.0784033, 1.2, 0.0667598, 0
1.3, -1.04087, 11.2913, 0.985731, 1.51736, -0.176436, -0.132186, -0.286691, 0.120506, 1
1.4, -1.2, 10.2564, 17.6799, 2.83893, 0.864439, -0.212808, -1.08216, 0.246255, 0
1.4, -1.2, 0, 0, 0, 0, 0, 0, 0, 0
1.4, -1.2, 0, 0, 0, 0, 0, 0, 0, 2
1.5, 0.729341, 25, -18.6007, 2.13637, -1.57917, -0.0109347, -0.284692, 0.110584, 0
1.61, -0.827061, 25, -21.9704, 4.94721, -3.84689, -0.0262594, 0.00409558, 0.168836, 0
1.82, -1.11224, 25, -22.7893, 10.2148, -8.55325, -0.179762, -1.2, 0.344865, 0
1.4, -1.2, 11.2913, 0.985731, 1.51736, -0.176436, -0.132186, -0.286691, 0.120506, 1
1.5, 0.729341, 17.954, 18.8258, 3.03058, 0.809237, -0.171013, 0.100492, 0.157064, 0
1.5, 0.729341, 0, 0, 0, 0, 0, 0, 0, 0
1.5, 0.00540664, 0, 0, 0, 0, 0, 0, 0, 2
1.6, -0.594297, 19.2063, -10.7729, 4.14772, -2.90722, -0.0396216, -0.349489, 0.0497048, 0
1.71, -0.654717, 24.7518, -15.6812, 6.57863, -4.38645, -0.163767, -1.2, 0.136765, 0
1.92, 1.18294, 20.019, -22.6829, 6.4192, -4.06748, -0.162162, 0.161841, 0.145714, 0
1.5, 0.00540664, 11.2913, 0.985731, 1.51736, -0.176436, -0.132186, -0.286691, 0.120506, 1
1.6, -0.594297, 15.3894, 18.2911, 3.01868, 0.718357, -0.157175, -0.399483, 0.132173, 0
1.6, -0.594297, 0, 0, 0, 0, 0, 0, 0, 0
1.6, -0.107546, 0, 0, 0, 0, 0, 0, 0, 2
1.7, -0.308512, 25, -25, 2.23496, -2.44507, -0.0342942, -0.243566, 0.00049514, 0
1.81, -0.681037, 25, -25, 6.28856, -6.57413, -0.0881203, -0.549967, 0.0118635, 0
2.02, -0.67287, 25, -25, 18.5936, -18.8092, -0.233989, -0.742291, 0.0679207, 0
1.6, -0.107546, 11.2913, 0.985731, 1.51736, -0.176436, -0.132186, -0.286691, 0.120506, 1
1.7, -0.308512, 16.3465, 18.505, 3.03766, 0.721939, -0.15445, -0.249691, 0.12517, 0
1.7, -0.308512, 0, 0, 0, 0, 0, 0, 0, 0
1.7, -1.2, 0, 0, 0, 0, 0, 0, 0, 2
1.8, 1.2, 25, -25, 7.50036, -6.94921, -0.00910237, 0.00459478, 0.157228, 0
1.91, -0.145663, 25, -25, 11.8624, -11.2011, 0.0269842, 0.651524, 0.200156, 0
2.12, -1.2, 25, -6.61416, 17.1468, -14.6049, -0.0397325, -1.2, 0.25634, 0
1.7, -1.2, 11.2913, 0.985731, 1.51736, -0.176436, -0.132186, -0.286691, 0.120506, 1
1.8, 1.2, 20.1293, 19.4965, 3.08377, 0.796117, -0.159311, 0.400026, 0.168506, 0
1.8, 1.2, 0, 0, 0, 0, 0, 0, 0, 0
1.8, 0.781026, 0, 0, 0, 0, 0, 0, 0, 2
1.9, -1.12986, 25, -25, 8.67342, -8.03678, -0.0113259, -0.312343, -0.0550841, 0
2.01, -0.981846, 23.6974, -22.16, 13.1007, -12.9449, -0.126757, -1.2, 0.112159, 0
2.22, 1.19974, 25, -25, 24.4689, -18.5222, -0.187615, 0.711858, -0.135856, 0
1.8, 0.781026, 11.2913, 0.985731, 1.51736, -0.176436, -0.132186, -0.286691, 0.120506, 1
1.9, -1.12986, 15.0828, 18.0167, 3.03749, 0.639533, -0.140412, -0.52, 0.153977, 0
1.9, -1.12986, 0, 0, 0, 0, 0, 0, 0, 0
1.9, -0.417047, 0, 0, 0, 0, 0, 0, 0, 2
2, 0.480609, 25, -25, 12.2974, -12.7979, 0.131344, 1.11392, 0.390995, 0
2.11, -1.18149, 25, -13.492, 15.8589, -15.8511, 0.178744, -1.2, 0.36873, 0
2.32, 0.24458, 6.79956, -25, 18.2549, -18.7787, -0.171005, -1.10619, 0.257509, 0
1.9, -0.417047, 11.2913, 0.985731, 1.51736, -0.176436, -0.132186, -0.286691, 0.120506, 1
2, 0.480609, 19.0784, 19.2384, 3.09124, 0.732876, -0.146834, 0.1646, 0.127322, 0
2, 0.480609, 0, 0, 0, 0, 0, 0, 0, 0
2, -1.2, 0, 0, 0, 0, 0, 0, 0, 2
2.1, -0.860114, 23.4897, -23.6736, 13.312, -15.0383, -0.38, -0.784593, 0.498656, 0
2.21, 1.18875, 15.4395, -10.3431, 14.5295, -20.4072, -0.374133, 0.150598, 0.440448, 0
2.42, 1.2, -25, 25, 12.4068, -14.5449, -0.198277, 0.607457, -0.396165, 0
2, -1.2, 19.0784, 19.2384, 3.09124, 0.732876, -0.146834, 0.1646, 0.127322, 1
2.1, -0.860114, -18.7593, 28.4438, 3.21885, 2.7616, -0.208769, -0.875168, 0.234387, 0
2.1, -1.2, -18.7593, 28.4438, 3.21885, 2.7616, -0.208769, -0.875168, 0.234387, 2
2.2, 1.18212, 25, -16.2678, 4.29912, -8.00331, -0.0438769, -0.617184, -0.0647898, 0
2.31, 0.709716, -25, 25, 9.19261, -16.2517, 0.0652792, 1.2, -0.33395, 0
2.52, -1.2, -25, 25, -30.9943, 20.7235, 0.109572, -1.18616, -0.274114, 0
2.73, 0.937931, -25, 25, -75.2776, 55.3569, 0.121798, 0.551995, 0.492029, 0
2.94, 1.2, -25, 25, -94.1614, 83.2472, 0.176187, 1.2, 0.5, 0
2.1, -1.2, -2.53017e-098, 0, 1.60081e-154, 0, 0, 0, 0, 1
2.2, 1.18212, -0.80899, -1.47821, 0.193701, -0.0782978, -0.0171461, 0.411447, 0.0472955, 0
2.2, 1.18212, 0, 0, 0, 0, 0, 0, 0, 0
2.2, 1.2, 0, 0, 0, 0, 0, 0, 0, 2
2.3, -0.492128, -25, 4.46818, -1.51344, -1.54782, -0.0756656, 0.667153, 0.118067, 0
2.41, -1.19864, -18.3064, -13.3923, -6.82311, -0.366638, -0.153794, -1.15465, 0.280786, 0
2.62, 1.02324, 25, -25, -3.83341, -6.88534, -0.259074, 0.30523, 0.5, 0
2.2, 1.2, -25.1832, 33.1617, 3.33194, 3.17661, -0.152074, -0.60677, 0.162689, 1
2.3, -0.492128, 11.8918, 18.4128, 3.19713, 5.37519, -0.139834, -0.0205823, 0.199077, 0
2.3, -0.492128, 0, 0, 0, 0, 0, 0, 0, 0
2.3, -1.2, 0, 0, 0, 0, 0, 0, 0, 2
2.4, -0.235834, 23.1136, -12.738, 2.0148, -1.28241, -0.035174, -0.887476, 0.0894877, 0
2.51, 1.2, 25, -25, 5.6471, -4.16857, -0.0439349, 0.728162, 0.170012, 0
2.72, -1.2, 25, -25, 13.3, -11.9072, -0.00370231, -0.344995, 0.486784, 0
2.3, -1.2, -25.1832, 33.1617, 3.33194, 3.17661, -0.152074, -0.60677, 0.162689, 1
2.4, -0.235834, 9.85225, 23.277, 2.62434, 5.33542, -0.226534, -0.539213, 0.221976, 0
2.4, -0.235834, 0, 0, 0, 0, 0, 0, 0, 0
2.4, -0.247386, 0, 0, 0, 0, 0, 0, 0, 2
2.5, -1.2, 8.18126, -6.35772, 2.2276, -0.936125, -0.0517367, -0.93751, -0.0828065, 0
2.61, -0.494406, 25, -25, 6.93635, -5.46337, -0.210804, -0.781765, -0.100389, 0
2.82, 0.62611, 24.9987, -24.3752, 19.7814, -18.0728, -0.213157, 0.569974, -0.105455, 0
2.4, -0.247386, -25.1832, 33.1617, 3.33194, 3.17661, -0.152074, -0.60677, 0.162689, 1
2.5, -1.2, 7.52372, 21.743, 2.72242, 5.35008, -0.213562, -0.882224, 0.222624, 0
2.5, -1.2, 0, 0, 0, 0, 0, 0, 0, 0
2.5, 1.07181, 0, 0, 0, 0, 0, 0, 0, 2
2.6, 0.970692, 25, -25, 4.94712, -6.35358, -0.0809561, 1.00273, -0.436742, 0
2.71, 1.2, 25, -25, 8.4406, -10.9058, 0.17986, 1.09896, -0.5, 0
2.92, 1.2, -25, -24.6339, 6.89234, -16.9421, 0.38, 1.08588, -0.458865, 0
2.5, 1.07181, -25.1832, 33.1617, 3.33194, 3.17661, -0.152074, -0.60677, 0.162689, 1
2.6, 0.970692, 16.2163, 15.2488, 3.38524, 5.34466, -0.108437, 0.873964, 0.26707, 0
2.6, 0.970692, 0, 0, 0, 0, 0, 0, 0, 0
2.6, -0.547317, 0, 0, 0, 0, 0, 0, 0, 2
2.7, -1.2, 25, -25, 9.12522, -9.89349, -0.0448505, -1.00841, 0.0069122, 0
2.81, 1.2, -18.3218, -22.7898, 9.57732, -12.9402, -0.0632041, 0.602401, 0.0793329, 0
3.02, 1.06516, 25, -25, 10.9893, -18.1623, 0.291047, 1.2, -0.150302, 0
2.6, -0.547317, -25.1832, 33.1617, 3.33194, 3.17661, -0.152074, -0.60677, 0.162689, 1
2.7, -1.2, 6.55773, 21.6499, 2.6337, 5.32374, -0.225194, -0.967421, 0.242567, 0
2.7, -1.2, 0, 0, 0, 0, 0, 0, 0, 0
2.7, 0.0903817, 0, 0, 0, 0, 0, 0, 0, 2
2.8, 1.15812, 24.3762, -25, 5.96223, -3.85076, 0.127533, 0.975463, -0.300374, 0
2.91, 1.18098, 25, -25, 17.0981, -14.2695, 0.308687, 1.2, -0.182191, 0
3.12, -1.2, 25, -25, 31.3921, -28.1983, 0.366863, -0.88412, 0.380242, 0
2.7, 0.0903817, -25.1832, 33.1617, 3.33194, 3.17661, -0.152074, -0.60677, 0.162689, 1
2.8, 1.15812, 17.203, 18.7935, 3.2069, 5.40631, -0.141837, 0.714462, 0.211158, 0
2.8, 1.15812, 0, 0, 0, 0, 0, 0, 0, 0
2.8, -1.03239, 0, 0, 0, 0, 0, 0, 0, 2
2.9, -1.09848, 25, -25, 9.4037, -9.424, -0.233526, -1.2, 0.255306, 0
3.01, 1.19692, -7.21065, -22.1306, 12.5737, -13.9867, -0.213182, 0.837599, 0.316656, 0
3.22, 1.1942, -25, -24.2675, 2.29266, -20.1756, 0.178136, 1.2, 0.439794, 0
2.8, -1.03239, -25.1832, 33.1617, 3.33194, 3.17661, -0.152074, -0.60677, 0.162689, 1
2.9, -1.09848, 5.10718, 21.1969, 2.49978, 5.27338, -0.241481, -1.0406, 0.27624, 0
2.9, -1.09848, 0, 0, 0, 0, 0, 0, 0, 0
2.9, 0.42814, 0, 0, 0, 0, 0, 0, 0, 2
3, -1.2, 4.16137, -8.43438, 2.57685, -6.06247, 0.246003, -0.65973, 0.433932, 0
3.11, 0.689936, -25, 25, 0.60174, -5.79011, 0.146829, 0.287828, 0.41904, 0
3.32, -1.09734, -25, 25, -19.2645, 12.1868, 0.0863208, -0.876417, -0.0655765, 0
2.9, 0.42814, -25.1832, 33.1617, 3.33194, 3.17661, -0.152074, -0.60677, 0.162689, 1
3, -1.2, 8.88068, 21.0966, 2.9041, 5.38144, -0.187366, -0.690335, 0.199673, 0
3, -1.2, 0, 0, 0, 0, 0, 0, 0, 0
3, 0.916882, 0, 0, 0, 0, 0, 0, 0, 2
3.1, -1.01461, 25, -25, 31.1679, -25.6184, -0.106931, 0.910271, 0.479485, 0
3.21, -0.966585, -25, 25, 32.5329, -17.8823, -0.16396, -1.03388, -0.193273, 0
3.42, -0.327787, -25, 25, 23.6788, -1.35349, -0.226919, -0.0175615, -0.487584, 0
3, 0.916882, -25.1832, 33.1617, 3.33194, 3.17661, -0.152074, -0.60677, 0.162689, 1
3.1, -1.01461, 10.0515, 19.9765, 3.05277, 5.38599, -0.163803, -0.433519, 0.194016, 0
3.1, -1.01461, 0, 0, 0, 0, 0, 0, 0, 0
3.1, -1.2, 0, 0, 0, 0, 0, 0, 0, 2
3.2, 0.837939, 25, -3.09847, -1.90028, 4.44638, -0.021385, -0.79064, 0.113334, 0
3.31, -1.2, 25, -25, 9.81006, -6.52817, -0.110385, -0.403894, 0.213472, 0
3.52, 1.2, 25, -25, 21.6326, -18.4585, -0.151883, -0.00596531, 0.5, 0
3.1, -1.2, -25.1832, 33.1617, 3.33194, 3.17661, -0.152074, -0.60677, 0.162689, 1
3.2, 0.837939, 15.6003, 24.1912, 2.83392, 5.40934, -0.199838, 0.144151, 0.200576, 0
3.2, 0.837939, 0, 0, 0, 0, 0, 0, 0, 0
3.2, 0.579005, 0, 0, 0, 0, 0, 0, 0, 2
3.3, 1.15961, 24.9797, -25, 4.88975, -5.72371, 0.201027, 1.2, -0.494482, 0
3.41, -1.10339, 24.1775, -25, 11.1409, -14.0873, 0.379333, 1.18315, -0.440202, 0
3.62, -1.2, -25, 25, 5.19983, -9.79615, 0.270792, -1.17717, -0.398476, 0
3.2, 0.579005, -25.1832, 33.1617, 3.33194, 3.17661, -0.152074, -0.60677, 0.162689, 1
3.3, 1.15961, 16.9608, 16.7004, 3.31125, 5.37628, -0.122851, 0.854205, 0.241067, 0
3.3, 1.15961, 0, 0, 0, 0, 0, 0, 0, 0
3.3, -1.2, 0, 0, 0, 0, 0, 0, 0, 2
3.4, -1.2, 25, -20.0474, 17.1194, -16.6073, -0.38, -1.2, -0.5, 0
3.51, -1.2, 5.30028, 25, 22.7408, -15.8012, -0.38, -1.2, -0.5, 0
3.72, 1.2, -18.1259, 25, 17.7333, 1.24368, -0.38, 1.2, -0.5, 0
3.3, -1.2, -25.1832, 33.1617, 3.33194, 3.17661, -0.152074, -0.60677, 0.162689, 1
3.4, -1.2, 3.51471, 20.3644, 2.42091, 5.23539, -0.250504, -1.15282, 0.306689, 0
3.4, -1.2, 0, 0, 0, 0, 0, 0, 0, 0
3.4, 0.726529, 0, 0, 0, 0, 0, 0, 0, 2
3.5, -1.08291, 21.7712, -25, 21.6272, -16.027, -0.318492, -0.300456, -0.5, 0
3.61, -0.472529, -24.1403, 25, 19.929, -12.5671, -0.312735, -1.0548, -0.411531, 0
3.82, 1.2, -16.0613, 24.0077, 14.5866, -3.86079, -0.38, -0.117844, 0.348013, 0
3.4, 0.726529, -25.1832, 33.1617, 3.33194, 3.17661, -0.152074, -0.60677, 0.162689, 1
3.5, -1.08291, 9.6753, 20.4796, 2.99706, 5.38697, -0.172883, -0.531056, 0.193148, 0
3.5, -1.08291, 0, 0, 0, 0, 0, 0, 0, 0
3.5, 0.322245, 0, 0, 0, 0, 0, 0, 0, 2
3.6, 0.970534, 25, -25, 10.5149, -8.39956, 0.167493, 1.15616, -0.499353, 0
3.71, 1.2, 25, 24.998, 15.9359, -5.6696, 0.376594, 1.19518, -0.483863, 0
3.92, -1.06398, 25, -18.6416, 30.1838, -6.51095, 0.38, 1.11265, -0.468556, 0
3.5, 0.322245, -25.1832, 33.1617, 3.33194, 3.17661, -0.152074, -0.60677, 0.162689, 1
3.6, 0.970534, 16.5567, 18.3025, 3.22894, 5.397, -0.137509, 0.660942, 0.207973, 0
3.6, 0.970534, 0, 0, 0, 0, 0, 0, 0, 0
3.6, -0.606215, 0, 0, 0, 0, 0, 0, 0, 2
3.7, 1.2, 24.7651, -12.0776, 13.3025, -7.48019, -0.0671294, -0.0504195, 0.198838, 0
3.81, 0.987066, -25, 25, 21.2037, -11.9615, 0.0270671, 1.2, 0.337973, 0
4.02, -1.2, -25, 25, 2.03486, 8.58071, 0.0702505, -0.961458, 0.5, 0
3.6, -0.606215, -25.1832, 33.1617, 3.33194, 3.17661, -0.152074, -0.60677, 0.162689, 1
3.7, 1.2, 17.5211, 21.6869, 3.0534, 5.4297, -0.16781, 0.543241, 0.19869, 0
3.7, 1.2, 0, 0, 0, 0, 0, 0, 0, 0
3.7, -0.262963, 0, 0, 0, 0, 0, 0, 0, 2
3.8, -1.2, 25, -25, 13.8318, -8.84006, -0.364735, -1.16918, 0.429985, 0
3.91, -1.16949, 24.5159, -23.3154, 18.454, -21.3829, -0.38, -1.2, -0.366587, 0
4.12, -0.36474, -19.934, 21.5208, 19.8025, -32.4802, -0.38, -0.79243, 0.495485, 0
3.7, -0.262963, -25.1832, 33.1617, 3.33194, 3.17661, -0.152074, -0.60677, 0.162689, 1
3.8, -1.2, 7.4797, 21.7449, 2.71795, 5.34892, -0.214166, -0.886648, 0.223512, 0
3.8, -1.2, 0, 0, 0, 0, 0, 0, 0, 0
3.8, -1.2, 0, 0, 0, 0, 0, 0, 0, 2
3.9, -1.2, 25, -25, 16.3755, -21.4369, -0.258626, -1.2, -0.192175, 0
4.01, -1.2, -25, 17.0297, 9.2036, -25.4476, -0.38, -1.2, -0.5, 0
4.22, 1.2, -25, -25, -20.4905, -55.3298, -0.38, 1.2, 0.5, 0
3.8, -1.2, -25.1832, 33.1617, 3.33194, 3.17661, -0.152074, -0.60677, 0.162689, 1
3.9, -1.2, 3.51471, 20.3644, 2.42091, 5.23539, -0.250504, -1.15282, 0.306689, 0
3.9, -1.2, 0, 0, 0, 0, 0, 0, 0, 0
3.9, -0.992897, 0, 0, 0, 0, 0, 0, 0, 2
4, -1.2, 25, -25, 5.64503, -6.84594, -0.230837, -1.17451, 0.496256, 0
4.11, 1.18261, 5.82847, -24.101, 11.6015, -14.5208, -0.378132, -0.479888, 0.499659, 0
4.32, 1.19779, -25, -24.6148, 9.7067, -19.7365, -0.298506, 1.2, 0.28299, 0
3.9, -0.992897, -25.1832, 33.1617, 3.33194, 3.17661, -0.152074, -0.60677, 0.162689, 1
4, -1.2, 4.6255, 20.9468, 2.49146, 5.26829, -0.242473, -1.09399, 0.283266, 0
4, -1.2, 0, 0, 0, 0, 0, 0, 0, 0
4, 1.2, 0, 0, 0, 0, 0, 0, 0, 2
4.1, 1.2, 25, -24.1942, 9.84559, -6.95913, 0.38, 1.2, 0.5, 0
4.21, 1.2, 25, -25, 16.3296, -11.4086, 0.38, 1.2, 0.5, 0
4.42, 1.2, 25, -25, 23.4284, -18.3473, 0.38, 1.2, -0.5, 0
4, 1.2, 4.6255, 20.9468, 2.49146, 5.26829, -0.242473, -1.09399, 0.283266, 1
4.1, 1.2, 13.4233, 24.6506, 4.16963, 7.80491, -0.20588, 1.01756, 0.427266, 0
4.1, -0.659545, 13.4233, 24.6506, 4.16963, 7.80491, -0.20588, 1.01756, 0.427266, 2
4.2, 1.2, 3.17642, -14.6584, 16.9786, -5.29951, 0.235654, -0.379481, 0.396943, 0
4.31, 1.15587, -21.0958, 15.1372, 20.1324, -6.44625, 0.322329, 1.2, 0.00961138, 0
4.52, 1.2, -24.8784, 13.7724, 12.4561, 12.7452, 0.378868, 0.910819, 0.175007, 0
4.73, -0.19979, -21.0028, -19.2197, 13.3043, 30.1681, 0.38, -0.0149168, -0.461747, 0
4.1, -0.659545, 13.4233, 24.6506, 4.16963, 7.80491, -0.20588, 1.01756, 0.427266, 1
4.2, 1.2, -25.213, 32.164, 3.61391, 9.80095, -0.164625, 0.657272, 0.463384, 0
4.2, 0.987803, -25.213, 32.164, 3.61391, 9.80095, -0.164625, 0.657272, 0.463384, 2
4.3, -0.992424, 10.4024, 19.3792, 1.48703, 9.72873, 0.0456972, 0.197112, 0.395169, 0
4.41, -0.600037, 25, -25, 4.98355, 6.76994, 0.139194, -0.73457, -0.0900023, 0
4.62, 0.139966, 8.33039, -24.7868, 11.2676, -1.60793, 0.0552305, 0.234439, -0.00933775, 0
4.83, 1.2, -25, 25, 7.4182, 3.89056, 0.177549, 1.2, 0.1065, 0
4.2, 0.987803, -25.213, 32.164, 3.61391, 9.80095, -0.164625, 0.657272, 0.463384, 1
4.3, -0.992424, -5.00689, 15.5768, 2.57126, 11.7027, -0.127094, -0.298727, 0.496062, 0
4.3, -1.2, -5.00689, 15.5768, 2.57126, 11.7027, -0.127094, -0.298727, 0.496062, 2
4.4, -1.2, 25, -15.5683, 8.07687, 8.94542, -0.100907, -1.2, 0.5, 0
4.51, -0.507002, 25, -25, 12.269, 5.76401, -0.180175, -0.738726, 0.5, 0
4.72, -1.2, -25, 24.9964, 12.3167, 6.02744, -0.331407, -1.04214, 0.5, 0
4.93, -1.2, 21.4573, -25, 11.875, 5.91114, -0.38, -1.2, 0.5, 0
4.3, -1.2, -5.00689, 15.5768, 2.57126, 11.7027, -0.127094, -0.298727, 0.496062, 1
4.4, -1.2, -17.0378, 22.3959, 1.67427, 13.3345, -0.214325, -1.12832, 0.640062, 0
4.4, 1.2, -17.0378, 22.3959, 1.67427, 13.3345, -0.214325, -1.12832, 0.640062, 2
4.5, -1.2, 25, -25, 10.9421, 7.09492, -0.363904, -0.782345, 0.0456019, 0
4.61, 0.508292, 0.781284, -5.97474, 12.1714, 6.2048, -0.378351, -1.2, -0.248808, 0
4.82, 1.2, -4.66857, -25, 11.762, 2.2225, -0.38, 1.0451, -0.31361, 0
4.4, 1.2, -17.0378, 22.3959, 1.67427, 13.3345, -0.214325, -1.12832, 0.640062, 1
4.5, -1.2, 5.63188, 20.5387, 0.559583, 15.4452, -0.238648, -0.51256, 0.688062, 0
4.5, -0.251061, 5.63188, 20.5387, 0.559583, 15.4452, -0.238648, -0.51256, 0.688062, 2
4.6, -1.19927, -1.48482, 15.3354, 4.37601, 10.0604, -0.074693, -0.243156, -0.152767, 0
4.71, -1.19858, -2.83437, 25, -4.10647, 20.9245, -0.0388096, -0.904628, -0.335453, 0
4.92, 0.403196, 25, -25, 11.834, 5.86427, -0.38, -0.565377, -0.498291, 0
4.5, -0.251061, 5.63188, 20.5387, 0.559583, 15.4452, -0.238648, -0.51256, 0.688062, 1
4.6, -1.19927, 26.7314, 20.7274, 2.61971, 17.9765, -0.296836, -0.875308, 0.748141, 0
4.6, -1.2, 26.7314, 20.7274, 2.61971, 17.9765, -0.296836, -0.875308, 0.748141, 2
4.7, -1.2, 8.11829, 25, 0.977198, 22.9925, -0.318465, -1.2, 0.5, 0
4.81, -0.348132, 25, -7.70226, 3.37121, 23.1752, -0.38, -0.808906, 0.470193, 0
5.02, 1.2, 25, -25, 8.20203, 20.5551, -0.360487, 1.07555, 0.475094, 0
5.23, -1.2, 25, -25, 23.7935, 5.20043, -0.33569, -0.624154, 0.5, 0
4.6, -1.2, 26.7314, 20.7274, 2.61971, 17.9765, -0.296836, -0.875308, 0.748141, 1
4.7, -1.2, 12.7144, -5.95576, 4.47771, 18.5098, -0.40503, -1.17418, 0.892141, 0
4.7, -1.2, 12.7144, -5.95576, 4.47771, 18.5098, -0.40503, -1.17418, 0.892141, 2
4.8, 1.2, 24.882, -25, 12.0645, 13.4612, 0.0230844, 0.234178, 0.5, 0
4.91, -0.734812, 25, -25, 25.7886, -0.871642, 0.0343816, 0.762822, 0.5, 0
5.12, -0.802246, 25, -25, 36.4067, -12.096, -0.284678, -1.2, 0.5, 0
4.7, -1.2, 12.7144, -5.95576, 4.47771, 18.5098, -0.40503, -1.17418, 0.892141, 1
4.8, 1.2, 3.58156, -10.7672, 5.73391, 17.2387, -0.464424, 0.329446, 0.940141, 0
4.8, 1.19954, 3.58156, -10.7672, 5.73391, 17.2387, -0.464424, 0.329446, 0.940141, 2
4.9, 0.995618, -25, 9.53464, 3.7393, 16.1734, -0.22075, 1.13127, 0.497949, 0
5.01, -1.2, -22.3067, 8.91796, -1.66077, 17.436, 0.00428631, 0.000190521, 0.0713754, 0
5.22, 1.2, 24.5143, -25, -3.10143, 12.236, -0.0308585, -0.0255258, -0.291549, 0
4.8, 1.19954, 3.58156, -10.7672, 5.73391, 17.2387, -0.464424, 0.329446, 0.940141, 1
4.9, 0.995618, -11.278, -8.57536, 5.25537, 16.2427, -0.381175, 1.00057, 1.06096, 0
4.9, 1.2, -11.278, -8.57536, 5.25537, 16.2427, -0.381175, 1.00057, 1.06096, 2
5, 1.0476, -21.2853, 16.7235, 1.68851, 17.9688, -0.242296, 1.15511, 0.5, 0
5.11, -1.2, -14.0741, 25, -1.06754, 20.9535, -0.192262, -1.0022, 0.5, 0
5.32, -0.385838, 24.9961, -25, 1.14312, 20.2245, -0.38, -1.19556, 0.179659, 0
4.9, 1.2, -11.278, -8.57536, 5.25537, 16.2427, -0.381175, 1.00057, 1.06096, 1
5, 1.0476, -25.4325, 10.6836, 3.43264, 16.3633, -0.272215, 1.08715, 1.18744, 0
5, -0.0632343, -25.4325, 10.6836, 3.43264, 16.3633, -0.272215, 1.08715, 1.18744, 2
5.1, -0.23574, -13.4172, -11.7331, 1.46174, 16.3246, -0.202268, -0.33522, 0.5, 0
5.21, 0.293243, -4.17162, -9.70818, 0.483613, 15.1529, -0.203142, 0.0356097, 0.434837, 0
5.42, 1.2, -21.7606, 22.2971, -2.25857, 16.4781, 0.0850527, 1.2, 0.5, 0
5.63, 1.2, -24.7706, -2.62082, -7.16664, 18.5471, 0.357134, 1.2, 0.179438, 0
5, -0.0632343, -25.4325, 10.6836, 3.43264, 16.3633, -0.272215, 1.08715, 1.18744, 1
5.1, -0.23574, -1.91989, -24.8137, 1.69367, 15.318, -0.241, -0.0815315, 1.18992, 0
5.1, 0.334602, -1.91989, -24.8137, 1.69367, 15.318, -0.241, -0.0815315, 1.18992, 2
5.2, -0.191323, 3.33098, -25, 1.70852, 12.8802, -0.247364, 0.0921097, 0.5, 0
5.31, 1.14627, -18.9316, -11.5687, 0.844138, 10.8726, -0.213613, 0.570575, 0.5, 0
5.52, -0.855647, -25, 24.2058, -3.7797, 12.3004, -0.114712, -0.161998, -0.418748, 0
5.1, 0.334602, -1.91989, -24.8137, 1.69367, 15.318, -0.241, -0.0815315, 1.18992, 1
5.2, -0.191323, -10.7705, -20.1247, 1.93108, 12.7187, -0.235746, -0.033198, 1.19274, 0
5.2, 1.2, -10.7705, -20.1247, 1.93108, 12.7187, -0.235746, -0.033198, 1.19274, 2
5.3, 0.836556, -25, 5.45485, -6.23851, 16.1053, -0.16088, 1.2, 0.5, 0
5.41, 1.2, 25, -25, -8.92462, 16.6142, 0.00887797, 0.929597, 0.5, 0
5.62, -1.2, 25, -25, 13.4121, -5.98572, 0.0735813, -0.306081, 0.5, 0
5.2, 1.2, -10.7705, -20.1247, 1.93108, 12.7187, -0.235746, -0.033198, 1.19274, 1
5.3, 0.836556, -20.9298, -3.27923, 0.100851, 11.1733, -0.169619, 0.870626, 1.29753, 0
5.3, -1.2, -20.9298, -3.27923, 0.100851, 11.1733, -0.169619, 0.870626, 1.29753, 2
5.4, 0.55451, -6.65861, 1.59711, -4.04688, 11.9754, -0.199525, -0.868478, 0.5, 0
5.51, 1.18838, 25, -25, -2.49828, 10.2462, -0.189356, 1.2, 0.5, 0
5.72, 0.973134, 25, -25, 7.13795, 0.648359, 0.0684263, 0.99313, 0.499475, 0
5.3, -1.2, -20.9298, -3.27923, 0.100851, 11.1733, -0.169619, 0.870626, 1.29753, 1
5.4, 0.55451, -18.4059, 0.646318, -1.8169, 11.6087, -0.170714, 0.0812668, 1.3336, 0
5.4, -1.07178, -18.4059, 0.646318, -1.8169, 11.6087, -0.170714, 0.0812668, 1.3336, 2
5.5, 1.2, 8.38862, -25, -2.54017, 10.3312, -0.171613, 0.0524462, 0.5, 0
5.61, 0.0201686, 25, -25, 0.392845, 6.49472, -0.128655, 0.734311, 0.5, 0
5.82, -0.100476, 7.73373, 2.92293, 3.83842, 4.1678, -0.0925074, -0.391407, 0.5, 0
5.4, -1.07178, -18.4059, 0.646318, -1.8169, 11.6087, -0.170714, 0.0812668, 1.3336, 1
5.5, 1.2, 1.07917, -22.7941, -3.20261, 10.3993, -0.179488, 0.46571, 1.37702, 0
5.5, 0.866111, 1.07917, -22.7941, -3.20261, 10.3993, -0.179488, 0.46571, 1.37702, 2
5.6, 0.623669, 22.08, -10.6593, -2.13661, 8.68032, -0.12142, 0.778499, 0.5, 0
5.71, 1.2, 15.8363, -0.259891, -0.0864959, 8.06999, -0.0269323, 0.929904, 0.491703, 0
5.92, 0.0401002, 8.13514, -19.1058, 2.43515, 6.02983, 0.134038, 0.422066, 0.499013, 0
6.13, -1.19977, -25, 25, 0.659296, 6.75719, 0.065217, -1.19993, 0.417381, 0
6.34, -1.19994, 23.765, -20.026, 0.543416, 7.38356, -0.222674, -1.19984, 0.5, 0
5.5, 0.866111, 1.07917, -22.7941, -3.20261, 10.3993, -0.179488, 0.46571, 1.37702, 1
5.6, 0.623669, -12.1637, -17.4333, -2.9398, 7.96442, -0.113463, 0.679974, 1.433, 0
5.6, 1.16826, -12.1637, -17.4333, -2.9398, 7.96442, -0.113463, 0.679974, 1.433, 2
5.7, -0.812866, -18.9672, 7.12776, -4.02163, 6.93709, -0.0233476, 0.133574, 0.499938, 0
5.81, 1.19967, -10.4184, 19.158, -5.40766, 8.12137, 0.0435295, 0.621822, 0.490026, 0
6.02, -0.135985, -24.7796, 25, -9.43666, 13.2415, 0.272784, 1.00019, 0.494991, 0
6.23, -1.19115, -21.276, 24.9917, -14.4819, 18.8026, 0.214709, -1.18183, 0.498902, 0
5.6, 1.16826, -12.1637, -17.4333, -2.9398, 7.96442, -0.113463, 0.679974, 1.433, 1
5.7, -0.812866, -26.0872, 15.3228, -4.70576, 7.5214, -0.0636444, -0.131388, 1.46886, 0
5.7, 1.2, -26.0872, 15.3228, -4.70576, 7.5214, -0.0636444, -0.131388, 1.46886, 2
5.8, 0.620603, -11.8462, 17.341, -6.52936, 9.05219, -0.00527406, 1.19008, 0.5, 0
5.91, -1.19161, -11.1812, 15.0031, -8.1729, 10.9409, -0.0307876, -0.717101, 0.5, 0
6.12, 1.2, -25, 25, -12.9118, 15.5359, 0.224758, 1.17424, 0.5, 0
5.7, 1.2, -26.0872, 15.3228, -4.70576, 7.5214, -0.0636444, -0.131388, 1.46886, 1
5.8, 0.620603, -21.8638, -9.50323, -6.8534, 7.9686, -0.00645668, 0.725381, 1.55452, 0
5.8, -1.12846, -21.8638, -9.50323, -6.8534, 7.9686, -0.00645668, 0.725381, 1.55452, 2
5.9, -0.362007, -25, 21.4477, -9.06559, 8.83079, 0.00984361, -1.2, 0.5, 0
6.01, -0.705935, -22.1792, 24.9986, -12.9291, 12.5968, 0.00496962, -0.513024, 0.465423, 0
6.22, 1.2, 24.9982, -25, -11.2578, 11.5187, -0.0812031, 0.590389, 0.229088, 0
5.8, -1.12846, -21.8638, -9.50323, -6.8534, 7.9686, -0.00645668, 0.725381, 1.55452, 1
5.9, -0.362007, -21.1271, -23.7604, -8.92697, 6.31979, -0.0328442, -0.493246, 1.61496, 0
5.9, 1.2, -21.1271, -23.7604, -8.92697, 6.31979, -0.0328442, -0.493246, 1.61496, 2
6, -1.2, 23.6317, 24.7743, -5.17785, 10.9402, 0.235007, 1.16231, 0.282367, 0
6.11, 1.2, 25, 25, 10.7641, 29.6837, 0.31824, 1.15403, -0.0340172, 0
6.32, 0.368336, -25, 24.5658, 24.1106, 60.1341, 0.38, 1.2, -0.481904, 0
6.53, -1.2, -25, 25, 4.96678, 68.3241, 0.0644057, -0.659475, 0.227359, 0
5.9, 1.2, -21.1271, -23.7604, -8.92697, 6.31979, -0.0328442, -0.493246, 1.61496, 1
6, -1.2, 8.8283, -24.3284, -9.42945, 4.09516, -0.0340763, -0.462053, 1.66296, 0
6, -0.921865, 8.8283, -24.3284, -9.42945, 4.09516, -0.0340763, -0.462053, 1.66296, 2
6.1, 1.1795, -4.64346, 6.63924, -12.9982, 5.56662, -0.036564, 0.887358, 0.5, 0
6.21, 0.849544, -25, 25, -18.2881, 10.8925, 0.259858, 1.1867, 0.367189, 0
6.42, -1.19035, -25, 14.4764, -28.0452, 22.5256, 0.216121, -1.18372, 0.202471, 0
6.63, -0.430355, 25, -25, -19.7969, 20.452, -0.147635, -0.86803, -0.0564335, 0
6.84, -1.17919, -25, 25, -17.9602, 25.6297, -0.38, -1.2, -0.488842, 0
6, -0.921865, 8.8283, -24.3284, -9.42945, 4.09516, -0.0340763, -0.462053, 1.66296, 1
6.1, 1.1795, -6.50665, -18.3729, -8.82348, 1.68234, -0.0573013, 0.45204, 1.70141, 0
6.1, 1.15546, -6.50665, -18.3729, -8.82348, 1.68234, -0.0573013, 0.45204, 1.70141, 2
6.2, -1.2, -25, 2.99124, -21.0391, 5.7524, -0.0864946, 0.924515, 0.424402, 0
6.31, 1.2, -25, 5.59117, -36.8104, 14.7112, -0.0255994, -1.10622, 0.5, 0
6.52, -1.17048, 24.5909, -21.8049, -38.3192, 11.9207, -0.0201189, 1.14573, 0.460578, 0
6.73, 1.2, 17.7546, 9.90846, -24.1789, 0.75378, 0.334056, 1.15819, 0.5, 0
6.1, 1.15546, -6.50665, -18.3729, -8.82348, 1.68234, -0.0573013, 0.45204, 1.70141, 1
6.2, -1.2, -17.0448, -3.68437, -10.2581, 0.223358, -0.0258913, -0.399528, 1.7477, 0
6.2, 0.184819, -17.0448, -3.68437, -10.2581, 0.223358, -0.0258913, -0.399528, 1.7477, 2
6.3, -1.2, -25, 17.0788, -31.3454, 15.964, -0.0320811, -0.811923, 0.495217, 0
6.41, -1.17251, 4.75451, 25, -33.64, 16.7092, -0.153085, -1.18882, 0.5, 0
6.62, -0.750435, 25, -23.339, -29.2235, 11.074, -0.377408, -1.2, 0.5, 0
6.83, 1.04807, 15.4893, -12.5049, -38.4944, -8.26731, -0.38, 0.744445, 0.469369, 0
6.2, 0.184819, -17.0448, -3.68437, -10.2581, 0.223358, -0.0258913, -0.399528, 1.7477, 1
6.3, -1.2, -15.5696, 14.8148, -11.6511, 0.758222, -0.0630843, -0.74297, 1.78944, 0
6.3, -0.239653, -15.5696, 14.8148, -11.6511, 0.758222, -0.0630843, -0.74297, 1.78944, 2
6.4, 0.608239, -25, 25, -18.3822, 6.86441, 0.0112714, 0.45831, 0.5, 0
6.51, 1.17967, -25, 25, -26.5479, 14.9457, 0.130758, 0.992752, 0.499878, 0
6.72, 1.15035, -25, 25, -38.1113, 27.0406, 0.378229, 1.02721, 0.5, 0
6.3, -0.239653, -15.5696, 14.8148, -11.6511, 0.758222, -0.0630843, -0.74297, 1.78944, 1
6.4, 0.608239, -12.7052, 6.52603, -12.9282, 1.80657, -0.0842696, 0.259929, 1.79883, 0
6.4, -0.969617, -12.7052, 6.52603, -12.9282, 1.80657, -0.0842696, 0.259929, 1.79883, 2
6.5, 1.2, -25, 25, -16.8208, 6.73183, -0.0980212, -0.00542262, 0.5, 0
6.61, 1.2, -25, 25, -27.289, 16.8724, -0.0204792, 1.2, 0.5, 0
6.82, 0.55229, 7.47107, -8.25497, -29.1936, 18.674, 0.214831, 0.768493, 0.5, 0
6.4, -0.969617, -12.7052, 6.52603, -12.9282, 1.80657, -0.0842696, 0.259929, 1.79883, 1
6.5, 1.2, -14.0612, 10.7241, -14.154, 2.47891, -0.0825864, 0.50894, 1.83939, 0
6.5, -0.133958, -14.0612, 10.7241, -14.154, 2.47891, -0.0825864, 0.50894, 1.83939, 2
6.6, -1.2, -25, 25, -24.5886, 13.3031, -0.149572, -1.02769, 0.5, 0
6.71, 0.929793, -1.32742, 3.22373, -26.1632, 14.9927, -0.299402, -0.602243, 0.5, 0
6.92, -0.0518953, -25, 25, -29.0735, 18.3607, -0.218754, 1.0108, 0.419276, 0
6.5, -0.133958, -14.0612, 10.7241, -14.154, 2.47891, -0.0825864, 0.50894, 1.83939, 1
6.6, -1.2, -23.3796, 4.14688, -16.5315, 4.1887, -0.0991108, -0.761273, 1.89334, 0
6.6, 1.2, -23.3796, 4.14688, -16.5315, 4.1887, -0.0991108, -0.761273, 1.89334, 2
6.7, 0.89354, -19.9674, 20.5759, -24.5124, 13.0844, 0.0855589, 1.06881, 0.48008, 0
6.81, -1.2, -9.08523, 12.0277, -26.335, 16.3112, 0.328893, 0.754322, 0.464005, 0
7.02, 0.175511, 18.3739, -10.4754, -24.9274, 14.1376, -0.321057, -0.257429, 0.0863308, 0
7.23, -1.2, -0.355251, 25, -23.8103, 19.6009, -0.175489, -0.627829, -0.36718, 0
6.6, 1.2, -23.3796, 4.14688, -16.5315, 4.1887, -0.0991108, -0.761273, 1.89334, 1
6.7, 0.89354, -21.547, -5.27267, -18.8599, 3.60769, -0.0580392, 0.848989, 2.0037, 0
6.7, -1.19972, -21.547, -5.27267, -18.8599, 3.60769, -0.0580392, 0.848989, 2.0037, 2
6.8, -0.540154, 12.5699, 16.9965, -18.3708, 3.53904, -0.10355, -1.2, 0.5, 0
6.91, 1.2, -9.24841, 21.9976, -17.2932, 6.93273, -0.1983, 0.481082, 0.489245, 0
7.12, -1.15742, -25, 25, -23.8598, 16.965, -0.221476, -0.841655, 0.49997, 0
6.7, -1.19972, -21.547, -5.27267, -18.8599, 3.60769, -0.0580392, 0.848989, 2.0037, 1
6.8, -0.540154, -14.1594, 4.88792, -20.2231, 3.62735, -0.087125, -0.617034, 2.083, 0
6.8, -1.2, -14.1594, 4.88792, -20.2231, 3.62735, -0.087125, -0.617034, 2.083, 2
6.9, -1.2, -25, 25, -32.648, 23.7007, 0.38, -1.2, 0.46096, 0
7.01, -1.2, -25, 25, -43.4873, 40.1456, 0.215282, -1.2, 0.116863, 0
7.22, -1.2, 25, -25, -42.2486, 35.379, -0.38, -1.03728, 0.5, 0
6.8, -1.2, -14.1594, 4.88792, -20.2231, 3.62735, -0.087125, -0.617034, 2.083, 1
6.9, -1.2, -17.2379, -2.46037, -22.1533, 4.40628, -0.185929, -1.15364, 2.227, 0
6.9, 0.967146, -17.2379, -2.46037, -22.1533, 4.40628, -0.185929, -1.15364, 2.227, 2
7, -0.13341, -25, 25, -29.9358, 11.4321, -0.296594, 0.864269, 0.490991, 0
7.11, -1.1661, 7.62503, 24.994, -32.7691, 18.2366, -0.375535, -1.2, 0.5, 0
7.32, 0.38349, 25, -25, -24.2587, 16.7557, -0.357972, -0.242013, 0.336692, 0
7.53, -1.1992, 25, -25, -16.1357, 6.10818, -0.38, -0.478349, 0.00162632, 0
6.9, 0.967146, -17.2379, -2.46037, -22.1533, 4.40628, -0.185929, -1.15364, 2.227, 1
7, -0.13341, -2.08971, -9.86458, -22.9316, 3.69602, -0.193685, 0.0980759, 2.25447, 0
7, -0.830909, -2.08971, -9.86458, -22.9316, 3.69602, -0.193685, 0.0980759, 2.25447, 2
7.1, -1.2, -24.9979, 22.4822, -30.3319, 13.4368, -0.254045, -1.2, 0.5, 0
7.21, 1.2, 25, -25, -33.4464, 17.3587, -0.317687, -0.0763065, 0.5, 0
7.42, -1.2, 25, -25, -23.1384, 7.92312, -0.178413, 0.359311, 0.5, 0
7.63, -0.211963, 23.0861, -24.2881, -18.0927, 1.62012, -0.373363, -0.857067, 0.5, 0
7, -0.830909, -2.08971, -9.86458, -22.9316, 3.69602, -0.193685, 0.0980759, 2.25447, 1
7.1, -1.2, 7.12427, -17.9006, -22.4221, 2.04431, -0.252176, -0.991923, 2.35872, 0
7.1, -1.2, 7.12427, -17.9006, -22.4221, 2.04431, -0.252176, -0.991923, 2.35872, 2
7.2, 0.980794, -25, 24.9944, -35.9293, 12.3456, -0.229207, -1.2, 0.5, 0
7.31, -1.2, 24.6212, -25, -37.3794, 13.4063, -0.31612, 0.0400867, 0.5, 0
7.52, 1.01237, 25, -25, -31.0815, 6.10775, -0.321475, -0.232154, 0.486023, 0
7.73, -1.2, 24.5913, -25, -25.32, 0.297537, -0.347016, -0.114446, 0.5, 0
7.1, -1.2, 7.12427, -17.9006, -22.4221, 2.04431, -0.252176, -0.991923, 2.35872, 1
7.2, 0.980794, 2.33247, -12.7648, -22.1745, 0.684547, -0.310392, 0.204435, 2.39956, 0
7.2, -0.782984, 2.33247, -12.7648, -22.1745, 0.684547, -0.310392, 0.204435, 2.39956, 2
7.3, -1.02291, -8.24414, -5.54792, -22.6155, 0.307518, -0.238116, -1.04885, 0.5, 0
7.41, -1.2, -1.79812, 0.913851, -23.1978, 0.122528, -0.297731, -1.12201, 0.488197, 0
7.62, 0.47728, -24.5659, 25, -26.0253, 2.91337, -0.318266, -0.027366, 0.5, 0
7.83, -0.791441, -15.666, 20.1367, -30.2546, 7.65998, -0.19031, -0.327634, -0.0820912, 0
7.2, -0.782984, 2.33247, -12.7648, -22.1745, 0.684547, -0.310392, 0.204435, 2.39956, 1
7.3, -1.02291, -7.60069, -14.383, -22.6608, -0.696087, -0.358754, -0.857149, 2.48157, 0
7.3, -0.970091, -7.60069, -14.383, -22.6608, -0.696087, -0.358754, -0.857149, 2.48157, 2
7.4, -1.2, -14.3646, -12.1337, -24.2377, -1.24377, -0.324723, -1.19902, 0.5, 0
7.51, -1.19422, -25, 8.11693, -26.4794, -1.51686, -0.38, -1.19858, 0.5, 0
7.72, 1.19175, -18.5606, 25, -31.2983, 2.1558, -0.38, 0.796201, 0.5, 0
7.93, 1.17417, 25, -17.0536, -30.6058, 2.94615, -0.178285, 1.2, 0.400291, 0
7.3, -0.970091, -7.60069, -14.383, -22.6608, -0.696087, -0.358754, -0.857149, 2.48157, 1
7.4, -1.2, 3.05959, -11.5407, -22.9664, -1.99678, -0.457373, -1.10743, 2.59974, 0
7.4, 0.978593, 3.05959, -11.5407, -22.9664, -1.99678, -0.457373, -1.10743, 2.59974, 2
7.5, 1.2, 24.1999, 14.4209, -28.3674, 8.27082, -0.371851, 1.2, 0.253817, 0
7.61, -1.2, 25, 18.9086, -29.0558, 21.3596, -0.0959036, -1.12147, 0.234757, 0
7.82, 1.2, 25, -24.1672, -7.16211, 5.47784, -0.31071, -0.62009, 0.5, 0
8.03, 1.19638, 25, -11.9047, 10.5357, -11.2857, -0.0425818, 1.2, 0.5, 0
7.4, 0.978593, 3.05959, -11.5407, -22.9664, -1.99678, -0.457373, -1.10743, 2.59974, 1
7.5, 1.2, 19.8916, -12.3618, -21.2485, -3.43701, -0.429854, 0.953603, 2.71881, 0
7.5, -1.19703, 19.8916, -12.3618, -21.2485, -3.43701, -0.429854, 0.953603, 2.71881, 2
7.6, 0.316067, -6.26784, -25, -33.703, -8.52957, -0.310457, -1.2, 0.5, 0
7.71, -1.2, 25, -25, -30.9095, -24.7446, -0.38, -1.07837, 0.379766, 0
7.92, -1.2, 25, -25, 4.28986, -62.6275, -0.38, -1.2, -0.5, 0
8.13, 1.2, 25, -25, 22.2492, -80.7238, -0.38, 0.872353, -0.5, 0
7.5, -1.19703, 19.8916, -12.3618, -21.2485, -3.43701, -0.429854, 0.953603, 2.71881, 1
7.6, 0.316067, 4.82812, -8.2333, -20.2449, -4.35362, -0.433744, -0.063039, 2.75729, 0
7.6, -1.2, 4.82812, -8.2333, -20.2449, -4.35362, -0.433744, -0.063039, 2.75729, 2
7.7, -1.0717, 18.114, -11.7542, -15.5847, -15.4, -0.287295, -1.18435, 0.5, 0
7.81, -1.2, 25, -25, -0.617774, -31.9439, -0.367292, -1.2, 0.5, 0
8.02, 1.2, 25, -25, 21.3661, -55.8379, -0.38, -0.479092, 0.5, 0
7.6, -1.2, 4.82812, -8.2333, -20.2449, -4.35362, -0.433744, -0.063039, 2.75729, 1
7.7, -1.0717, 3.50667, -5.63442, -19.8593, -5.09704, -0.509216, -1.02793, 2.88644, 0
7.7, 1.2, 3.50667, -5.63442, -19.8593, -5.09704, -0.509216, -1.02793, 2.88644, 2
7.8, 1.19699, 25, -24.1817, -0.606202, -30.7375, -0.38, 1.2, 0.5, 0
7.91, 1.19513, 25, -25, 7.85779, -38.1015, -0.143941, 1.18917, 0.5, 0
8.12, -1.19902, 25, -25, 21.1903, -51.6656, -0.0359337, -0.499819, 0.5, 0
7.7, 1.2, 3.50667, -5.63442, -19.8593, -5.09704, -0.509216, -1.02793, 2.88644, 1
7.8, 1.19699, -3.30538, -12.0141, -20.1157, -6.10401, -0.470296, 1.0209, 3.03008, 0
7.8, -1.2, -3.30538, -12.0141, -20.1157, -6.10401, -0.470296, 1.0209, 3.03008, 2
7.9, 0.0180928, 25, -25, -5.47204, -22.3, -0.332159, -0.868663, 0.5, 0
8.01, 0.326459, 25, -25, 8.73535, -37.7513, -0.314049, 0.213188, 0.47817, 0
8.22, 1.2, 25, -25, 22.9264, -52.4055, -0.145933, 1.17666, 0.492226, 0
7.8, -1.2, -3.30538, -12.0141, -20.1157, -6.10401, -0.470296, 1.0209, 3.03008, 1
7.9, 0.0180928, -4.35771, -7.05373, -20.4231, -6.8173, -0.479263, -0.248166, 3.07737, 0
7.9, 0.887419, -4.35771, -7.05373, -20.4231, -6.8173, -0.479263, -0.248166, 3.07737, 2
8, -1.2, 23.9485, -25, 6.11241, -33.9837, -0.207009, 1.02312, 0.275504, 0
8.11, -1.13085, 25, -25, 13.1128, -40.1441, -0.148246, -1.14423, 0.276481, 0
8.32, -0.573226, 22.0773, -22.7678, 19.6302, -46.7486, -0.317349, -0.736805, 0.182575, 0
7.9, 0.887419, -4.35771, -7.05373, -20.4231, -6.8173, -0.479263, -0.248166, 3.07737, 1
8, -1.2, -4.22704, -12.0749, -20.771, -7.8865, -0.483706, -0.531353, 3.11612, 0
8, -1.2, -4.22704, -12.0749, -20.771, -7.8865, -0.483706, -0.531353, 3.11612, 2
8.1, -1.14646, -21.4508, 13.7993, -23.6896, -5.97228, -0.374532, -1.174, 0.5, 0
8.21, -0.711962, -25, 24.5181, -25.626, -4.39406, -0.3728, -1.05519, 0.5, 0
8.42, 1.12474, -7.95254, -1.60197, -29.0908, -1.75815, -0.38, 0.891255, 0.5, 0
