Unchangeable control signals:
0 s: -1.2
0.1 s: -0.868457

Expected States:
0 s: 0, 0, 3.14159, 3.14159, 0, 0, 0, 
0.1 s: -3.40508, -1.79596, 2.74097, 3.12934, -0.0681269, -0.893568, 0.107879, 

Optimal control:
0.1 s: -0.714871
0.2 s: -0.614713
0.31 s: 1.2
0.52 s: -0.608715
0.73 s: -0.42179

States aimed at:
0.1 s: -3.40508, -1.79596, 2.74097, 3.12934, -0.0681269, -0.893568, 0.107879, 
0.2 s: 2.89759, -4.83594, 2.7156, 2.79775, -0.144703, -0.637952, 0.152325, 
0.31 s: 8.25428, 0.24534, 3.32895, 2.54526, -0.1553, 0.445281, 0.252308, 
0.52 s: 10.2751, 8.11011, 5.27453, 3.42259, -0.084625, 0.227813, 0.442414, 
0.73 s: -4.55464, 4.8917, 5.87518, 4.78778, -0.150173, -0.852075, 0.5, 

Detailed control signals:
0 s: -1.2

Real condition: 
0 s: 0, 0, 3.14159, 3.14159, 0, 0, 0, 
0.1 s: -3.40508, -1.79596, 2.74097, 3.12934, -0.0681269, -0.893568, 0.107879, 

Unchangeable control signals:
0.1 s: -0.714871
0.2 s: -0.614713

Expected States:
0.1 s: -3.40508, -1.79596, 2.74097, 3.12934, -0.0681269, -0.893568, 0, 
0.2 s: 3.22584, -5.13146, 2.76112, 2.76075, -0.143621, -0.66534, 0.0442784, 

Optimal control:
0.2 s: -1.13239
0.3 s: 1.07334
0.41 s: 0.773778
0.62 s: -0.854456
0.83 s: -0.452759

States aimed at:
0.2 s: 3.22584, -5.13146, 2.76112, 2.76075, -0.143621, -0.66534, 0.0442784, 
0.3 s: 6.46595, -0.623117, 3.24571, 2.47302, -0.174635, 0.0450672, 0.165996, 
0.41 s: 6.09679, 6.73955, 3.93666, 2.80943, -0.113435, 1.06765, 0.262289, 
0.62 s: -9.20105, 4.71031, 3.61071, 4.01166, -0.0583028, -0.542575, 0.401816, 
0.83 s: -1.39549, -5.3492, 2.49808, 3.94458, -0.189187, -0.703938, 0.5, 

Detailed control signals:
0.1 s: -0.714871

Real condition: 
0.1 s: -3.40508, -1.79596, 2.74097, 3.12934, -0.0681269, -0.893568, 0, 
0.2 s: 3.22584, -5.13146, 2.76112, 2.76075, -0.143621, -0.66534, 0.0442784, 

Unchangeable control signals:
0.2 s: -1.13239
0.3 s: 1.07334

Expected States:
0.2 s: 3.22584, -5.13146, 2.76112, 2.76075, -0.143621, -0.66534, 0, 
0.3 s: 7.96678, -1.10041, 3.22763, 2.37924, -0.185041, 0.308508, 0.0406306, 

Optimal control:
0.3 s: 1.2
0.4 s: -1.2
0.51 s: 0.497565
0.72 s: -0.633268
0.93 s: -0.595325
1.14 s: 1.12898

States aimed at:
0.3 s: 7.96678, -1.10041, 3.22763, 2.37924, -0.185041, 0.308508, 0.0406306, 
0.4 s: 3.40644, 1.43805, 3.88779, 2.38778, -0.171074, -0.0306447, 0.155169, 
0.51 s: -6.32751, 6.32, 3.6836, 2.80722, -0.195843, -0.403572, 0.233233, 
0.72 s: -7.3669, 10.409, 2.25493, 4.5617, -0.234959, 0.0859743, 0.284496, 
0.93 s: -18.5299, 1.5282, -0.463261, 5.81757, -0.328201, -0.93127, 0.340661, 
1.14 s: -2.07653, -17.5293, -2.62639, 4.13919, -0.345458, 0.809846, 0.5, 

Detailed control signals:
0.2 s: -1.13239

Real condition: 
0.2 s: 3.22584, -5.13146, 2.76112, 2.76075, -0.143621, -0.66534, 0, 
0.3 s: 7.96678, -1.10041, 3.22763, 2.37924, -0.185041, 0.308508, 0.0406306, 

Unchangeable control signals:
0.3 s: 1.2
0.4 s: -1.2

Expected States:
0.3 s: 7.96678, -1.10041, 3.22763, 2.37924, -0.185041, 0.308508, 0, 
0.4 s: -1.05203, 4.33145, 3.74767, 2.66588, -0.157122, -0.398291, 0.048, 

Optimal control:
0.4 s: 0.616696
0.5 s: 0.631593
0.61 s: -0.68086
0.82 s: -0.176531
1.03 s: -0.476347

States aimed at:
0.4 s: -1.05203, 4.33145, 3.74767, 2.66588, -0.157122, -0.398291, 0.048, 
0.5 s: -2.52778, 11.7912, 3.56868, 3.47201, -0.139832, 0.744095, 0.0869612, 
0.61 s: -8.92283, 7.03613, 2.93889, 4.50751, -0.107196, -0.150722, 0.134398, 
0.82 s: -11.1812, -2.20622, 0.827974, 5.01465, -0.181265, -0.554698, 0.186345, 
1.03 s: -14.5168, -2.2784, -1.87032, 4.54376, -0.262921, -0.222972, 0.213442, 

Detailed control signals:
0.3 s: 1.2

Real condition: 
0.3 s: 7.96678, -1.10041, 3.22763, 2.37924, -0.185041, 0.308508, 0, 
0.4 s: -1.05203, 4.33145, 3.74767, 2.66588, -0.157122, -0.398291, 0.048, 

Unchangeable control signals:
0.4 s: 0.616696
0.5 s: 0.631593

Expected States:
0.4 s: -1.05203, 4.33145, 3.74767, 2.66588, -0.157122, -0.398291, 0, 
0.5 s: -6.11322, 12.7931, 3.4559, 3.58219, -0.131986, 0.545457, 0.0389575, 

Optimal control:
0.5 s: -0.0292079
0.6 s: -0.264988
0.71 s: -0.867221
0.92 s: 0.312057
1.13 s: -1.19998

States aimed at:
0.5 s: -6.11322, 12.7931, 3.4559, 3.58219, -0.131986, 0.545457, 0.0389575, 
0.6 s: -8.09903, 6.9893, 2.74529, 4.57131, -0.11613, -0.228348, 0.042511, 
0.71 s: -4.74114, 0.874781, 2.03908, 5.00383, -0.162872, -0.621504, 0.0877371, 
0.92 s: -6.26483, -6.18904, 0.883452, 4.44583, -0.240907, -0.121687, 0.17693, 
1.13 s: -13.4192, -5.33458, -1.18337, 3.23585, -0.315639, -0.590046, 0.33835, 

Detailed control signals:
0.4 s: 0.616696

Real condition: 
0.4 s: -1.05203, 4.33145, 3.74767, 2.66588, -0.157122, -0.398291, 0, 
0.5 s: -6.11322, 12.7931, 3.4559, 3.58219, -0.131986, 0.545457, 0.0389575, 

Unchangeable control signals:
0.5 s: -0.0292079
0.6 s: -0.264988

Expected States:
0.5 s: -6.11322, 12.7931, 3.4559, 3.58219, -0.131986, 0.545457, 0, 
0.6 s: -3.7482, 4.58856, 2.95307, 4.42736, -0.119874, -0.13356, 0.00262705, 

Optimal control:
0.6 s: -1.2
0.7 s: -0.73639
0.81 s: -1.2
1.02 s: 1.2
1.23 s: -0.661011

States aimed at:
0.6 s: -3.7482, 4.58856, 2.95307, 4.42736, -0.119874, -0.13356, 0.00262705, 
0.7 s: -9.0667, -1.70579, 2.2198, 4.62541, -0.187137, -1.2, 0.0969172, 
0.81 s: -3.06675, -4.85347, 1.54411, 4.22734, -0.308973, -1.06342, 0.205076, 
1.02 s: -10.1529, -8.23152, 0.155657, 2.85351, -0.379226, 0.333476, 0.494196, 
1.23 s: -2.14287, -3.56617, -0.682623, 1.88539, -0.320939, 0.12883, 0.499999, 

Detailed control signals:
0.5 s: -0.0292079

Real condition: 
0.5 s: -6.11322, 12.7931, 3.4559, 3.58219, -0.131986, 0.545457, 0, 
0.6 s: -3.7482, 4.58856, 2.95307, 4.42736, -0.119874, -0.13356, 0.00262705, 

Unchangeable control signals:
0.6 s: -1.2
0.7 s: -0.73639

Expected States:
0.6 s: -3.7482, 4.58856, 2.95307, 4.42736, -0.119874, -0.13356, 0, 
0.7 s: -6.21076, -3.64861, 2.31608, 4.44631, -0.189574, -0.820141, 0.0955313, 

Optimal control:
0.7 s: -0.862889
0.8 s: 1.1415
0.91 s: -1.10413
1.12 s: 0.00209986
1.33 s: -0.580268

States aimed at:
0.7 s: -6.21076, -3.64861, 2.31608, 4.44631, -0.189574, -0.820141, 0.0955313, 
0.8 s: 3.06202, -3.58338, 2.15864, 4.08471, -0.217988, 0.251867, 0.197912, 
0.91 s: 10.3814, -9.00702, 2.89803, 3.39224, -0.205211, -0.0195591, 0.336629, 
1.12 s: -18.7645, -25, 2.01781, -0.178492, -0.290416, -0.791916, 0.464634, 
1.33 s: -2.80959, -21.6007, -0.247467, -5.07156, -0.379988, -0.0611567, 0.499989, 

Detailed control signals:
0.6 s: -1.2

Real condition: 
0.6 s: -3.7482, 4.58856, 2.95307, 4.42736, -0.119874, -0.13356, 0, 
0.7 s: -6.21076, -3.64861, 2.31608, 4.44631, -0.189574, -0.820141, 0.0955313, 

Unchangeable control signals:
0.7 s: -0.862889
0.8 s: 1.1415

Expected States:
0.7 s: -6.21076, -3.64861, 2.31608, 4.44631, -0.189574, -0.820141, 0, 
0.8 s: 4.84705, -1.43227, 2.17669, 4.11188, -0.224476, 0.416132, 0.0354205, 

Optimal control:
0.8 s: 0.923271
0.9 s: -0.866535
1.01 s: -0.696291
1.22 s: -0.109032
1.43 s: 0.4884

States aimed at:
0.8 s: 4.84705, -1.43227, 2.17669, 4.11188, -0.224476, 0.416132, 0.0354205, 
0.9 s: 11.4269, -10.3435, 2.99039, 3.52309, -0.204526, -0.0171239, 0.115586, 
1.01 s: -0.568948, -18.6315, 3.58757, 1.92947, -0.25534, -0.906772, 0.18355, 
1.22 s: -19.3626, -16.0701, 1.49475, -1.71419, -0.368837, -0.174155, 0.235704, 
1.43 s: -14.075, -18.219, -2.0162, -5.31454, -0.34989, 0.354607, 0.261999, 

Detailed control signals:
0.7 s: -0.862889

Real condition: 
0.7 s: -6.21076, -3.64861, 2.31608, 4.44631, -0.189574, -0.820141, 0, 
0.8 s: 4.84705, -1.43227, 2.17669, 4.11188, -0.224476, 0.416132, 0.0354205, 

Unchangeable control signals:
0.8 s: 0.923271
0.9 s: -0.866535

Expected States:
0.8 s: 4.84705, -1.43227, 2.17669, 4.11188, -0.224476, 0.416132, 0, 
0.9 s: 8.55933, -11.1459, 2.8652, 3.6045, -0.195085, -0.256117, 0.0267755, 

Optimal control:
0.9 s: 0.97095
1 s: -1.19982
1.11 s: -0.738387
1.32 s: 0.299568
1.53 s: -0.409166

States aimed at:
0.9 s: 8.55933, -11.1459, 2.8652, 3.6045, -0.195085, -0.256117, 0.0267755, 
1 s: 7.35537, -15.6093, 3.66093, 2.26674, -0.212782, -0.0978105, 0.145891, 
1.11 s: -9.26838, -7.63756, 3.55572, 0.988159, -0.279322, -1.11201, 0.255053, 
1.32 s: -5.43465, 10.7443, 2.0119, 1.31437, -0.376638, 0.185195, 0.321723, 
1.53 s: -1.49783, 19.0985, 1.28399, 4.44786, -0.374369, -0.163585, 0.348725, 

Detailed control signals:
0.8 s: 0.923271

Real condition: 
0.8 s: 4.84705, -1.43227, 2.17669, 4.11188, -0.224476, 0.416132, 0, 
0.9 s: 8.55933, -11.1459, 2.8652, 3.6045, -0.195085, -0.256117, 0.0267755, 

Unchangeable control signals:
0.9 s: 0.97095
1 s: -1.19982

Expected States:
0.9 s: 8.55933, -11.1459, 2.8652, 3.6045, -0.195085, -0.256117, 0, 
1 s: 2.25062, -8.24158, 3.88363, 2.44309, -0.196574, -0.508141, 0.040578, 

Optimal control:
1 s: -0.907809
1.1 s: 0.723577
1.21 s: -0.422108
1.42 s: 0.0372444
1.63 s: 0.441604

States aimed at:
1 s: 2.25062, -8.24158, 3.88363, 2.44309, -0.196574, -0.508141, 0.040578, 
1.1 s: -1.2494, -2.55389, 3.93369, 1.90332, -0.224146, -0.0433082, 0.107962, 
1.21 s: -4.47091, 4.31435, 3.61907, 2.00014, -0.216487, 0.182562, 0.146558, 
1.42 s: -5.78777, 2.88324, 2.54191, 2.75589, -0.235372, -0.362412, 0.165412, 
1.63 s: 8.36984, -2.04077, 2.81303, 2.84435, -0.219641, 0.512229, 0.186034, 

Detailed control signals:
0.9 s: 0.97095

Real condition: 
0.9 s: 8.55933, -11.1459, 2.8652, 3.6045, -0.195085, -0.256117, 0, 
1 s: 2.25062, -8.24158, 3.88363, 2.44309, -0.196574, -0.508141, 0.040578, 

Unchangeable control signals:
1 s: -0.907809
1.1 s: 0.723577

Expected States:
1 s: 2.25062, -8.24158, 3.88363, 2.44309, -0.196574, -0.508141, 0, 
1.1 s: -0.478637, -2.80351, 3.81264, 1.83426, -0.232264, 0.162212, 0.023027, 

Optimal control:
1.1 s: 1.02925
1.2 s: -1.03792
1.31 s: 1.19989
1.52 s: 0.502938
1.73 s: 0.156446

States aimed at:
1.1 s: -0.478637, -2.80351, 3.81264, 1.83426, -0.232264, 0.162212, 0.023027, 
1.2 s: -4.81695, 2.93522, 3.54786, 1.84085, -0.225347, -0.0238736, 0.129858, 
1.31 s: -6.6926, 5.97974, 2.91483, 2.33117, -0.22126, 0.0981864, 0.268294, 
1.52 s: 5.51347, 2.79071, 2.79102, 3.25206, -0.0857021, 1.19284, 0.446026, 
1.73 s: 1.22091, -2.41052, 3.49813, 3.29199, 0.0330823, -0.0615637, 0.475155, 

Detailed control signals:
1 s: -0.907809

Real condition: 
1 s: 2.25062, -8.24158, 3.88363, 2.44309, -0.196574, -0.508141, 0, 
1.1 s: -0.478637, -2.80351, 3.81264, 1.83426, -0.232264, 0.162212, 0.023027, 

Unchangeable control signals:
1.1 s: 1.02925
1.2 s: -1.03792

Expected States:
1.1 s: -0.478637, -2.80351, 3.81264, 1.83426, -0.232264, 0.162212, 0, 
1.2 s: -6.33526, -0.0303367, 3.64081, 1.75385, -0.212257, -0.355277, 0.0356116, 

Optimal control:
1.2 s: -1.07475
1.3 s: 0.805531
1.41 s: 0.226164
1.62 s: -0.205084
1.83 s: 0.289685

States aimed at:
1.2 s: -6.33526, -0.0303367, 3.64081, 1.75385, -0.212257, -0.355277, 0.0356116, 
1.3 s: -6.83723, 4.77668, 2.98219, 1.99117, -0.235457, -0.108721, 0.12581, 
1.41 s: -0.554559, 7.49573, 2.57564, 2.66615, -0.207431, 0.61829, 0.164312, 
1.62 s: 4.73216, -0.0911047, 3.01429, 3.44364, -0.170329, -0.264945, 0.174099, 
1.83 s: 3.6873, -0.377304, 3.89833, 3.39446, -0.179084, 0.181571, 0.187326, 

Detailed control signals:
1.1 s: 1.02925

Real condition: 
1.1 s: -0.478637, -2.80351, 3.81264, 1.83426, -0.232264, 0.162212, 0, 
1.2 s: -6.33526, -0.0303367, 3.64081, 1.75385, -0.212257, -0.355277, 0.0356116, 

Unchangeable control signals:
1.2 s: -1.07475
1.3 s: 0.805531

Expected States:
1.2 s: -6.33526, -0.0303367, 3.64081, 1.75385, -0.212257, -0.355277, 0, 
1.3 s: -6.42827, 8.93055, 2.89768, 2.17708, -0.246826, 0.179105, 0.0312741, 

Optimal control:
1.3 s: 1.19561
1.4 s: 0.679912
1.51 s: -0.483703
1.72 s: -0.213174
1.93 s: 0.495563

States aimed at:
1.3 s: -6.42827, 8.93055, 2.89768, 2.17708, -0.246826, 0.179105, 0.0312741, 
1.4 s: 1.31598, 8.48232, 2.64207, 3.04773, -0.186533, 1.02676, 0.125862, 
1.51 s: 3.25632, 0.885932, 2.89354, 3.56298, -0.133042, -0.054215, 0.164156, 
1.72 s: 2.09405, -3.39186, 3.45533, 3.29986, -0.189325, -0.481806, 0.193494, 
1.93 s: -1.39981, 2.55256, 3.52823, 3.21173, -0.195437, 0.423592, 0.224051, 

Detailed control signals:
1.2 s: -1.07475

Real condition: 
1.2 s: -6.33526, -0.0303367, 3.64081, 1.75385, -0.212257, -0.355277, 0, 
1.3 s: -6.42827, 8.93055, 2.89768, 2.17708, -0.246826, 0.179105, 0.0312741, 

Unchangeable control signals:
1.3 s: 1.19561
1.4 s: 0.679912

Expected States:
1.3 s: -6.42827, 8.93055, 2.89768, 2.17708, -0.246826, 0.179105, 0, 
1.4 s: 0.970652, 7.7509, 2.56116, 3.17995, -0.177045, 0.786571, 0.0901554, 

Optimal control:
1.4 s: 0.48676
1.5 s: -0.144641
1.61 s: -1.02217
1.82 s: -0.304266
2.03 s: -0.164655

States aimed at:
1.4 s: 0.970652, 7.7509, 2.56116, 3.17995, -0.177045, 0.786571, 0.0901554, 
1.5 s: 5.38665, -0.108052, 2.87902, 3.56209, -0.132774, 0.0988487, 0.103048, 
1.61 s: 2.61507, -3.69307, 3.31912, 3.35303, -0.165579, -0.695312, 0.161665, 
1.82 s: -2.48179, 0.519701, 3.33311, 3.01983, -0.306698, -0.648673, 0.281094, 
2.03 s: -0.148718, 1.75307, 3.05691, 3.25847, -0.379712, -0.0467032, 0.293661, 

Detailed control signals:
1.3 s: 1.19561

Real condition: 
1.3 s: -6.42827, 8.93055, 2.89768, 2.17708, -0.246826, 0.179105, 0, 
1.4 s: 0.970652, 7.7509, 2.56116, 3.17995, -0.177045, 0.786571, 0.0901554, 

Unchangeable control signals:
1.4 s: 0.48676
1.5 s: -0.144641

Expected States:
1.4 s: 0.970652, 7.7509, 2.56116, 3.17995, -0.177045, 0.786571, 0, 
1.5 s: 4.67019, 0.415705, 2.89022, 3.57633, -0.133166, 0.108771, 0.00624837, 

Optimal control:
1.5 s: 0.141259
1.6 s: -1.19966
1.71 s: -0.341528
1.92 s: -0.229678
2.13 s: -0.115349

States aimed at:
1.5 s: 4.67019, 0.415705, 2.89022, 3.57633, -0.133166, 0.108771, 0.00624837, 
1.6 s: 2.50785, -2.95166, 3.24913, 3.44954, -0.15793, -0.604045, 0.079205, 
1.71 s: -0.449159, -2.23382, 3.36235, 3.16433, -0.235037, -0.79791, 0.164775, 
1.92 s: -0.796532, 1.70788, 3.23156, 3.10911, -0.324423, -0.0533805, 0.182561, 
2.13 s: -1.00742, 0.387139, 3.04214, 3.32909, -0.353812, -0.226515, 0.189497, 

Detailed control signals:
1.4 s: 0.48676

Real condition: 
1.4 s: 0.970652, 7.7509, 2.56116, 3.17995, -0.177045, 0.786571, 0, 
1.5 s: 4.67019, 0.415705, 2.89022, 3.57633, -0.133166, 0.108771, 0.00624837, 

Unchangeable control signals:
1.5 s: 0.141259
1.6 s: -1.19966

Expected States:
1.5 s: 4.67019, 0.415705, 2.89022, 3.57633, -0.133166, 0.108771, 0, 
1.6 s: 1.70305, -3.16823, 3.34611, 3.35774, -0.153559, -0.714702, 0.042989, 

Optimal control:
1.6 s: -0.939679
1.7 s: -0.816918
1.81 s: -0.0783205
2.02 s: -0.146998
2.23 s: -0.0884216

States aimed at:
1.6 s: 1.70305, -3.16823, 3.34611, 3.35774, -0.153559, -0.714702, 0.042989, 
1.7 s: -1.91955, -1.51433, 3.33529, 3.12361, -0.234168, -0.897491, 0.120507, 
1.81 s: -0.690375, 0.284791, 3.19174, 3.05599, -0.304091, -0.373831, 0.157548, 
2.02 s: 0.545721, 1.19646, 3.17655, 3.21152, -0.342742, 0.00572643, 0.160461, 
2.23 s: -0.267679, -0.201637, 3.20575, 3.31598, -0.360375, -0.173662, 0.163551, 

Detailed control signals:
1.5 s: 0.141259

Real condition: 
1.5 s: 4.67019, 0.415705, 2.89022, 3.57633, -0.133166, 0.108771, 0, 
1.6 s: 1.70305, -3.16823, 3.34611, 3.35774, -0.153559, -0.714702, 0.042989, 

Unchangeable control signals:
1.6 s: -0.939679
1.7 s: -0.816918

Expected States:
1.6 s: 1.70305, -3.16823, 3.34611, 3.35774, -0.153559, -0.714702, 0, 
1.7 s: -1.92862, -1.22764, 3.31097, 3.1255, -0.236295, -0.84366, 0.0772664, 

Optimal control:
1.7 s: -0.558474
1.8 s: -0.362513
1.91 s: -0.119772
2.12 s: -0.1631
2.33 s: 0.122694

States aimed at:
1.7 s: -1.92862, -1.22764, 3.31097, 3.1255, -0.236295, -0.84366, 0.0772664, 
1.8 s: -0.836135, 0.174271, 3.17273, 3.07283, -0.299255, -0.415541, 0.0994319, 
1.91 s: 0.0681267, 0.649278, 3.13049, 3.11812, -0.333799, -0.212537, 0.107449, 
2.12 s: 0.601208, 0.400304, 3.20077, 3.22833, -0.367582, -0.109206, 0.111748, 
2.33 s: 0.225318, 0.167176, 3.28756, 3.28792, -0.376934, 0.020141, 0.116122, 

Detailed control signals:
1.6 s: -0.939679

Real condition: 
1.6 s: 1.70305, -3.16823, 3.34611, 3.35774, -0.153559, -0.714702, 0, 
1.7 s: -1.92862, -1.22764, 3.31097, 3.1255, -0.236295, -0.84366, 0.0772664, 

Unchangeable control signals:
1.7 s: -0.558474
1.8 s: -0.362513

Expected States:
1.7 s: -1.92862, -1.22764, 3.31097, 3.1255, -0.236295, -0.84366, 0, 
1.8 s: -1.03456, 0.163748, 3.17334, 3.08007, -0.297639, -0.456442, 0.0215255, 

Optimal control:
1.8 s: -0.187158
1.9 s: -0.281979
2.01 s: -0.0819233
2.22 s: -0.149786
2.43 s: 0.253322
2.64 s: 0.450611

States aimed at:
1.8 s: -1.03456, 0.163748, 3.17334, 3.08007, -0.297639, -0.456442, 0.0215255, 
1.9 s: 0.231142, 0.534636, 3.13317, 3.11499, -0.330888, -0.208539, 0.0272525, 
2.01 s: 0.358356, 0.560755, 3.16559, 3.17524, -0.352125, -0.17759, 0.0319948, 
2.22 s: 0.353144, 0.249542, 3.2403, 3.26032, -0.379999, -0.0878709, 0.0350552, 
2.43 s: 0.13153, 0.0598819, 3.29119, 3.29281, -0.377143, 0.115065, 0.0441491, 
2.64 s: 0.127994, 0.116527, 3.31844, 3.31133, -0.31683, 0.459351, 0.0722074, 

Detailed control signals:
1.7 s: -0.558474

Real condition: 
1.7 s: -1.92862, -1.22764, 3.31097, 3.1255, -0.236295, -0.84366, 0, 
1.8 s: -1.03456, 0.163748, 3.17334, 3.08007, -0.297639, -0.456442, 0.0215255, 

Unchangeable control signals:
1.8 s: -0.187158
1.9 s: -0.281979

Expected States:
1.8 s: -1.03456, 0.163748, 3.17334, 3.08007, -0.297639, -0.456442, 0, 
1.9 s: -0.22747, 0.621957, 3.14449, 3.11894, -0.328503, -0.268919, 0.00557716, 

Optimal control:
1.9 s: -0.0901785
2 s: -0.222482
2.11 s: -0.0569419
2.32 s: -0.0397871
2.53 s: 0.327579
2.74 s: 0.46636

States aimed at:
1.9 s: -0.22747, 0.621957, 3.14449, 3.11894, -0.328503, -0.268919, 0.00557716, 
2 s: 0.57516, 0.541196, 3.16188, 3.1771, -0.349105, -0.143121, 0.00845867, 
2.11 s: 0.373857, 0.404721, 3.21407, 3.22912, -0.36463, -0.139153, 0.0113594, 
2.32 s: 0.126848, 0.110682, 3.26665, 3.28324, -0.379998, -0.00721142, 0.0118661, 
2.53 s: -0.0334909, -0.110269, 3.27645, 3.28328, -0.358455, 0.212391, 0.0232996, 
2.74 s: -0.0503146, -0.107008, 3.26765, 3.26047, -0.285687, 0.480637, 0.0574036, 

Detailed control signals:
1.8 s: -0.187158

Real condition: 
1.8 s: -1.03456, 0.163748, 3.17334, 3.08007, -0.297639, -0.456442, 0, 
1.9 s: -0.22747, 0.621957, 3.14449, 3.11894, -0.328503, -0.268919, 0.00557716, 

Unchangeable control signals:
1.9 s: -0.0901785
2 s: -0.222482

Expected States:
1.9 s: -0.22747, 0.621957, 3.14449, 3.11894, -0.328503, -0.268919, 0, 
2 s: 0.191355, 0.633037, 3.17315, 3.1787, -0.347309, -0.188593, 0.00258978, 

Optimal control:
2 s: -0.0876697
2.1 s: -0.178672
2.21 s: -0.0217137
2.42 s: 0.0323762
2.63 s: 0.332306
2.84 s: 0.372946

States aimed at:
2 s: 0.191355, 0.633037, 3.17315, 3.1787, -0.347309, -0.188593, 0.00258978, 
2.1 s: 0.4423, 0.427657, 3.20483, 3.23174, -0.363072, -0.126669, 0.00457026, 
2.21 s: 0.243349, 0.183493, 3.24254, 3.26535, -0.375311, -0.0958502, 0.006352, 
2.42 s: -0.0608795, -0.119675, 3.2617, 3.27205, -0.379999, 0.0511955, 0.00651157, 
2.63 s: -0.18671, -0.217418, 3.2357, 3.23666, -0.349236, 0.241788, 0.0182165, 
2.84 s: -0.17299, -0.188656, 3.19794, 3.19402, -0.281547, 0.402868, 0.0444157, 

Detailed control signals:
1.9 s: -0.0901785

Real condition: 
1.9 s: -0.22747, 0.621957, 3.14449, 3.11894, -0.328503, -0.268919, 0, 
2 s: 0.191355, 0.633037, 3.17315, 3.1787, -0.347309, -0.188593, 0.00258978, 

Unchangeable control signals:
2 s: -0.0876697
2.1 s: -0.178672

Expected States:
2 s: 0.191355, 0.633037, 3.17315, 3.1787, -0.347309, -0.188593, 0, 
2.1 s: 0.189866, 0.495971, 3.21183, 3.23281, -0.362008, -0.153611, 0.00184246, 

Optimal control:
2.1 s: -0.0666673
2.2 s: -0.108513
2.31 s: 0.025785
2.52 s: 0.111289
2.73 s: 0.302263
2.94 s: 0.262217

States aimed at:
2.1 s: 0.189866, 0.495971, 3.21183, 3.23281, -0.362008, -0.153611, 0.00184246, 
2.2 s: 0.342644, 0.213733, 3.23846, 3.26829, -0.373681, -0.0798448, 0.00265344, 
2.31 s: 0.0430932, -0.0114595, 3.25967, 3.27942, -0.38, -0.0350524, 0.00333764, 
2.52 s: -0.234781, -0.277544, 3.23955, 3.24907, -0.371554, 0.115493, 0.0047079, 
2.73 s: -0.275176, -0.345906, 3.186, 3.18361, -0.333371, 0.248154, 0.0156015, 
2.94 s: -0.254787, -0.238044, 3.13035, 3.1223, -0.276057, 0.297691, 0.0324142, 

Detailed control signals:
2 s: -0.0876697

Real condition: 
2 s: 0.191355, 0.633037, 3.17315, 3.1787, -0.347309, -0.188593, 0, 
2.1 s: 0.189866, 0.495971, 3.21183, 3.23281, -0.362008, -0.153611, 0.00184246, 

Unchangeable control signals:
2.1 s: -0.0666673
2.2 s: -0.108513

Expected States:
2.1 s: 0.189866, 0.495971, 3.21183, 3.23281, -0.362008, -0.153611, 0, 
2.2 s: 0.146887, 0.266561, 3.24435, 3.26822, -0.372876, -0.100213, 0.000781797, 

Optimal control:
2.2 s: -0.0576705
2.3 s: -0.0290333
2.41 s: 0.0730223
2.62 s: 0.167177
2.83 s: 0.24356
3.04 s: 0.122716

States aimed at:
2.2 s: 0.146887, 0.266561, 3.24435, 3.26822, -0.372876, -0.100213, 0.000781797, 
2.3 s: 0.0523732, 0.0192037, 3.25431, 3.28251, -0.379721, -0.0366811, 0.000990238, 
2.41 s: -0.108413, -0.222337, 3.25123, 3.27134, -0.379999, 0.0316185, 0.00132987, 
2.62 s: -0.316568, -0.397972, 3.20661, 3.20621, -0.359858, 0.160207, 0.00482432, 
2.83 s: -0.348321, -0.322298, 3.13679, 3.13058, -0.319323, 0.22584, 0.0139876, 
3.04 s: -0.286054, -0.259315, 3.07018, 3.06951, -0.278412, 0.163782, 0.0217976, 

Detailed control signals:
2.1 s: -0.0666673

Real condition: 
2.1 s: 0.189866, 0.495971, 3.21183, 3.23281, -0.362008, -0.153611, 0, 
2.2 s: 0.146887, 0.266561, 3.24435, 3.26822, -0.372876, -0.100213, 0.000781797, 

Unchangeable control signals:
2.2 s: -0.0576705
2.3 s: -0.0290333

Expected States:
2.2 s: 0.146887, 0.266561, 3.24435, 3.26822, -0.372876, -0.100213, 0, 
2.3 s: -0.0117535, 0.032914, 3.25579, 3.28255, -0.379478, -0.0428285, 0.000194773, 

Optimal control:
2.3 s: -0.00607076
2.4 s: 0.0550536
2.51 s: 0.119043
2.72 s: 0.215645
2.93 s: 0.179277
3.14 s: 0.0118016

States aimed at:
2.3 s: -0.0117535, 0.032914, 3.25579, 3.28255, -0.379478, -0.0428285, 0.000194773, 
2.4 s: -0.0665154, -0.20512, 3.25187, 3.27394, -0.38, 0.0323893, 0.00034816, 
2.51 s: -0.259593, -0.348835, 3.23394, 3.24348, -0.372938, 0.0960134, 0.00129427, 
2.72 s: -0.356808, -0.394167, 3.16922, 3.16546, -0.34189, 0.199677, 0.00766501, 
2.93 s: -0.329943, -0.304878, 3.09711, 3.09206, -0.300296, 0.196456, 0.0159225, 
3.14 s: -0.285032, -0.260424, 3.03253, 3.0327, -0.27444, 0.0497948, 0.0193118, 

Detailed control signals:
2.2 s: -0.0576705

Real condition: 
2.2 s: 0.146887, 0.266561, 3.24435, 3.26822, -0.372876, -0.100213, 0, 
2.3 s: -0.0117535, 0.032914, 3.25579, 3.28255, -0.379478, -0.0428285, 0.000194773, 

Unchangeable control signals:
2.3 s: -0.00607076
2.4 s: 0.0550536

Expected States:
2.3 s: -0.0117535, 0.032914, 3.25579, 3.28255, -0.379478, -0.0428285, 0, 
2.4 s: -0.0894581, -0.205385, 3.25269, 3.27301, -0.379902, 0.0299067, 9.1118e-005, 

Optimal control:
2.4 s: 0.0319068
2.5 s: 0.138267
2.61 s: 0.160458
2.82 s: 0.240495
3.03 s: 0.110925
3.24 s: -0.0692315

States aimed at:
2.4 s: -0.0894581, -0.205385, 3.25269, 3.27301, -0.379902, 0.0299067, 9.1118e-005, 
2.5 s: -0.250105, -0.333506, 3.23571, 3.24606, -0.373829, 0.0915607, 0.00109791, 
2.61 s: -0.322085, -0.39066, 3.20424, 3.20623, -0.360056, 0.158843, 0.00356546, 
2.82 s: -0.337232, -0.345121, 3.13501, 3.12898, -0.320346, 0.219349, 0.0123419, 
3.03 s: -0.287396, -0.253682, 3.06943, 3.0661, -0.280942, 0.155929, 0.0197068, 
3.24 s: -0.238516, -0.233829, 3.01421, 3.01491, -0.26881, -0.0403846, 0.021502, 

Detailed control signals:
2.3 s: -0.00607076

Real condition: 
2.3 s: -0.0117535, 0.032914, 3.25579, 3.28255, -0.379478, -0.0428285, 0, 
2.4 s: -0.0894581, -0.205385, 3.25269, 3.27301, -0.379902, 0.0299067, 9.1118e-005, 

Unchangeable control signals:
2.4 s: 0.0319068
2.5 s: 0.138267

Expected States:
2.4 s: -0.0894581, -0.205385, 3.25269, 3.27301, -0.379902, 0.0299067, 0, 
2.5 s: -0.175651, -0.360891, 3.23353, 3.24505, -0.37414, 0.0994366, 0.000818251, 

Optimal control:
2.5 s: 0.0835911
2.6 s: 0.205994
2.71 s: 0.18889
2.92 s: 0.241587
3.13 s: 0.0468205
3.34 s: -0.122181

States aimed at:
2.5 s: -0.175651, -0.360891, 3.23353, 3.24505, -0.37414, 0.0994366, 0.000818251, 
2.6 s: -0.330797, -0.389456, 3.20821, 3.20753, -0.361662, 0.150114, 0.00328929, 
2.71 s: -0.3361, -0.35674, 3.17153, 3.16649, -0.34212, 0.205205, 0.00758547, 
2.92 s: -0.280195, -0.259345, 3.10682, 3.10181, -0.297496, 0.219786, 0.01746, 
3.13 s: -0.217164, -0.202665, 3.0546, 3.05329, -0.262874, 0.109943, 0.0238184, 
3.34 s: -0.177347, -0.186944, 3.01317, 3.01239, -0.262313, -0.104596, 0.025616, 

Detailed control signals:
2.4 s: 0.0319068

Real condition: 
2.4 s: -0.0894581, -0.205385, 3.25269, 3.27301, -0.379902, 0.0299067, 0, 
2.5 s: -0.175651, -0.360891, 3.23353, 3.24505, -0.37414, 0.0994366, 0.000818251, 

Unchangeable control signals:
2.5 s: 0.0835911
2.6 s: 0.205994

Expected States:
2.5 s: -0.175651, -0.360891, 3.23353, 3.24505, -0.37414, 0.0994366, 0, 
2.6 s: -0.207687, -0.430382, 3.2047, 3.20646, -0.362161, 0.16275, 0.00222134, 

Optimal control:
2.6 s: 0.133272
2.7 s: 0.249662
2.81 s: 0.204677
3.02 s: 0.219951
3.23 s: -0.00233839
3.44 s: -0.148736

States aimed at:
2.6 s: -0.207687, -0.430382, 3.2047, 3.20646, -0.362161, 0.16275, 0.00222134, 
2.7 s: -0.358729, -0.364809, 3.17638, 3.1667, -0.344282, 0.194836, 0.00622593, 
2.81 s: -0.298737, -0.272769, 3.14022, 3.13163, -0.32078, 0.232473, 0.0119582, 
3.02 s: -0.198009, -0.168765, 3.08806, 3.08527, -0.275037, 0.203176, 0.0214365, 
3.23 s: -0.144191, -0.147512, 3.05213, 3.05206, -0.24677, 0.0660295, 0.0265168, 
3.44 s: -0.112832, -0.129326, 3.02514, 3.02299, -0.254506, -0.139708, 0.0288401, 

Detailed control signals:
2.5 s: 0.0835911

Real condition: 
2.5 s: -0.175651, -0.360891, 3.23353, 3.24505, -0.37414, 0.0994366, 0, 
2.6 s: -0.207687, -0.430382, 3.2047, 3.20646, -0.362161, 0.16275, 0.00222134, 

Unchangeable control signals:
2.6 s: 0.133272
2.7 s: 0.249662

Expected States:
2.6 s: -0.207687, -0.430382, 3.2047, 3.20646, -0.362161, 0.16275, 0, 
2.7 s: -0.213797, -0.409754, 3.17207, 3.16592, -0.344869, 0.209688, 0.00377885, 

Optimal control:
2.7 s: 0.168933
2.8 s: 0.27289
2.91 s: 0.197869
3.12 s: 0.186943
3.33 s: -0.0433607
3.54 s: -0.152024

States aimed at:
2.7 s: -0.213797, -0.409754, 3.17207, 3.16592, -0.344869, 0.209688, 0.00377885, 
2.8 s: -0.328262, -0.288896, 3.14496, 3.13099, -0.323273, 0.222228, 0.00892919, 
2.91 s: -0.226716, -0.177242, 3.11444, 3.10535, -0.297986, 0.237536, 0.0151783, 
3.12 s: -0.114941, -0.0879495, 3.07856, 3.07751, -0.25499, 0.171949, 0.0229588, 
3.33 s: -0.0778674, -0.0892128, 3.05832, 3.0589, -0.234164, 0.0263908, 0.0268257, 
3.54 s: -0.0530281, -0.0720917, 3.04458, 3.04197, -0.247557, -0.153938, 0.0294498, 

Detailed control signals:
2.6 s: 0.133272

Real condition: 
2.6 s: -0.207687, -0.430382, 3.2047, 3.20646, -0.362161, 0.16275, 0, 
2.7 s: -0.213797, -0.409754, 3.17207, 3.16592, -0.344869, 0.209688, 0.00377885, 

Unchangeable control signals:
2.7 s: 0.168933
2.8 s: 0.27289

Expected States:
2.7 s: -0.213797, -0.409754, 3.17207, 3.16592, -0.344869, 0.209688, 0, 
2.8 s: -0.16655, -0.339829, 3.14038, 3.13048, -0.323909, 0.238333, 0.00497023, 

Optimal control:
2.8 s: 0.186427
2.9 s: 0.271266
3.01 s: 0.174042
3.22 s: 0.146286
3.43 s: -0.0727075
3.64 s: -0.139652

States aimed at:
2.8 s: -0.16655, -0.339829, 3.14038, 3.13048, -0.323909, 0.238333, 0.00497023, 
2.9 s: -0.263658, -0.196759, 3.11887, 3.10365, -0.300606, 0.227734, 0.0103872, 
3.01 s: -0.144674, -0.0857295, 3.09641, 3.08811, -0.27588, 0.221821, 0.0161003, 
3.22 s: -0.0410752, -0.0178902, 3.07691, 3.07723, -0.238706, 0.132215, 0.0215278, 
3.43 s: -0.0192165, -0.035796, 3.07058, 3.07159, -0.225503, -0.00646655, 0.0243298, 
3.64 s: -0.00330465, -0.0214953, 3.06821, 3.06558, -0.242076, -0.151379, 0.0269326, 

Detailed control signals:
2.7 s: 0.168933

Real condition: 
2.7 s: -0.213797, -0.409754, 3.17207, 3.16592, -0.344869, 0.209688, 0, 
2.8 s: -0.16655, -0.339829, 3.14038, 3.13048, -0.323909, 0.238333, 0.00497023, 

Unchangeable control signals:
2.8 s: 0.186427
2.9 s: 0.271266

Expected States:
2.8 s: -0.16655, -0.339829, 3.14038, 3.13048, -0.323909, 0.238333, 0, 
2.9 s: -0.0941033, -0.250134, 3.11436, 3.1033, -0.30127, 0.244548, 0.00529706, 

Optimal control:
2.9 s: 0.185688
3 s: 0.246924
3.11 s: 0.140688
3.32 s: 0.101998
3.53 s: -0.0883885
3.74 s: -0.11695

States aimed at:
2.9 s: -0.0941033, -0.250134, 3.11436, 3.1033, -0.30127, 0.244548, 0.00529706, 
3 s: -0.187085, -0.104483, 3.1003, 3.08557, -0.278393, 0.212993, 0.0100696, 
3.11 s: -0.066053, -0.00498429, 3.08637, 3.07955, -0.256192, 0.190659, 0.0145116, 
3.32 s: 0.0200867, 0.0379729, 3.08155, 3.08301, -0.226731, 0.0899231, 0.0176822, 
3.53 s: 0.0278887, 0.00789484, 3.08658, 3.08783, -0.22053, -0.0308717, 0.0195949, 
3.74 s: 0.0346807, 0.0194344, 3.09315, 3.0907, -0.237969, -0.135214, 0.0218513, 

Detailed control signals:
2.8 s: 0.186427

Real condition: 
2.8 s: -0.16655, -0.339829, 3.14038, 3.13048, -0.323909, 0.238333, 0, 
2.9 s: -0.0941033, -0.250134, 3.11436, 3.1033, -0.30127, 0.244548, 0.00529706, 

Unchangeable control signals:
2.9 s: 0.185688
3 s: 0.246924

Expected States:
2.9 s: -0.0941033, -0.250134, 3.11436, 3.1033, -0.30127, 0.244548, 0, 
3 s: -0.02421, -0.154791, 3.09615, 3.08537, -0.279038, 0.22934, 0.00471008, 

Optimal control:
3 s: 0.169658
3.1 s: 0.206726
3.21 s: 0.102808
3.42 s: 0.0589441
3.63 s: -0.0920383
3.84 s: -0.0884152

States aimed at:
3 s: -0.02421, -0.154791, 3.09615, 3.08537, -0.279038, 0.22934, 0.00471008, 
3.1 s: -0.109448, -0.0210209, 3.08947, 3.07658, -0.258403, 0.183365, 0.00828605, 
3.21 s: 0.00228918, 0.0590617, 3.08357, 3.07867, -0.240064, 0.150077, 0.0112178, 
3.42 s: 0.0655612, 0.0769448, 3.0907, 3.09295, -0.219108, 0.0495085, 0.0126924, 
3.63 s: 0.0609978, 0.0402789, 3.10399, 3.10526, -0.21879, -0.0464893, 0.0139467, 
3.84 s: 0.0602282, 0.0489363, 3.11672, 3.11463, -0.235227, -0.110052, 0.015657, 

Detailed control signals:
2.9 s: 0.185688

Real condition: 
2.9 s: -0.0941033, -0.250134, 3.11436, 3.1033, -0.30127, 0.244548, 0, 
3 s: -0.02421, -0.154791, 3.09615, 3.08537, -0.279038, 0.22934, 0.00471008, 

Unchangeable control signals:
3 s: 0.169658
3.1 s: 0.206726

Expected States:
3 s: -0.02421, -0.154791, 3.09615, 3.08537, -0.279038, 0.22934, 0, 
3.1 s: 0.034253, -0.0645353, 3.08596, 3.07651, -0.258981, 0.197995, 0.00355308, 

Optimal control:
3.1 s: 0.142867
3.2 s: 0.15754
3.31 s: 0.064697
3.52 s: 0.0206903
3.73 s: -0.0861637
3.94 s: -0.0584014

States aimed at:
3.1 s: 0.034253, -0.0645353, 3.08596, 3.07651, -0.258981, 0.197995, 0.00355308, 
3.2 s: -0.0381782, 0.0465914, 3.08576, 3.07562, -0.241852, 0.144597, 0.00581457, 
3.31 s: 0.0556511, 0.103173, 3.08672, 3.08385, -0.228089, 0.105627, 0.00740981, 
3.52 s: 0.0941588, 0.0992345, 3.10245, 3.10511, -0.215511, 0.0141666, 0.00789426, 
3.73 s: 0.0803185, 0.0610646, 3.12077, 3.12194, -0.219693, -0.0539973, 0.00871875, 
3.94 s: 0.0738862, 0.0667774, 3.13697, 3.13536, -0.233823, -0.0805709, 0.00985641, 

Detailed control signals:
3 s: 0.169658

Real condition: 
3 s: -0.02421, -0.154791, 3.09615, 3.08537, -0.279038, 0.22934, 0, 
3.1 s: 0.034253, -0.0645353, 3.08596, 3.07651, -0.258981, 0.197995, 0.00355308, 

Unchangeable control signals:
3.1 s: 0.142867
3.2 s: 0.15754

Expected States:
3.1 s: 0.034253, -0.0645353, 3.08596, 3.07651, -0.258981, 0.197995, 0, 
3.2 s: 0.0777372, 0.0122492, 3.08307, 3.07566, -0.242325, 0.156589, 0.0022579, 

Optimal control:
3.2 s: 0.109553
3.3 s: 0.105952
3.41 s: 0.029433
3.62 s: -0.0102379
3.83 s: -0.0741635
4.04 s: -0.0302726

States aimed at:
3.2 s: 0.0777372, 0.0122492, 3.08307, 3.07566, -0.242325, 0.156589, 0.0022579, 
3.3 s: 0.0208624, 0.0946123, 3.088, 3.081, -0.229395, 0.102023, 0.00341929, 
3.41 s: 0.0917075, 0.127147, 3.09419, 3.0932, -0.22037, 0.0620617, 0.00408436, 
3.62 s: 0.106806, 0.106535, 3.11503, 3.11774, -0.215343, -0.0141838, 0.00418633, 
3.83 s: 0.0872645, 0.0709519, 3.13541, 3.13637, -0.222597, -0.0549004, 0.00477486, 
4.04 s: 0.0773536, 0.0740648, 3.1527, 3.1516, -0.233716, -0.0510022, 0.00544861, 

Detailed control signals:
3.1 s: 0.142867

Real condition: 
3.1 s: 0.034253, -0.0645353, 3.08596, 3.07651, -0.258981, 0.197995, 0, 
3.2 s: 0.0777372, 0.0122492, 3.08307, 3.07566, -0.242325, 0.156589, 0.0022579, 

Unchangeable control signals:
3.2 s: 0.109553
3.3 s: 0.105952

Expected States:
3.2 s: 0.0777372, 0.0122492, 3.08307, 3.07566, -0.242325, 0.156589, 0, 
3.3 s: 0.105921, 0.0700925, 3.08616, 3.08111, -0.229749, 0.111002, 0.00116117, 

Optimal control:
3.3 s: 0.0745107
3.4 s: 0.056616
3.51 s: 0.000175221
3.72 s: -0.0330004
3.93 s: -0.0576686
4.14 s: -0.00596891

States aimed at:
3.3 s: 0.105921, 0.0700925, 3.08616, 3.08111, -0.229749, 0.111002, 0.00116117, 
3.4 s: 0.0643591, 0.122471, 3.09468, 3.09074, -0.221188, 0.0602326, 0.00159903, 
3.51 s: 0.110696, 0.133682, 3.10431, 3.10483, -0.2166, 0.0231737, 0.00177533, 
3.72 s: 0.106487, 0.102288, 3.12711, 3.12961, -0.217774, -0.0343566, 0.00188968, 
3.93 s: 0.0846032, 0.0718287, 3.14717, 3.14789, -0.226664, -0.0503107, 0.00235323, 
4.14 s: 0.0729537, 0.0728849, 3.16372, 3.16308, -0.234408, -0.0234366, 0.00270616, 

Detailed control signals:
3.2 s: 0.109553

Real condition: 
3.2 s: 0.0777372, 0.0122492, 3.08307, 3.07566, -0.242325, 0.156589, 0, 
3.3 s: 0.105921, 0.0700925, 3.08616, 3.08111, -0.229749, 0.111002, 0.00116117, 

Unchangeable control signals:
3.3 s: 0.0745107
3.4 s: 0.056616

Expected States:
3.3 s: 0.105921, 0.0700925, 3.08616, 3.08111, -0.229749, 0.111002, 0, 
3.4 s: 0.117137, 0.108184, 3.09368, 3.0909, -0.221416, 0.0660241, 0.000432524, 

Optimal control:
3.4 s: 0.0411185
3.5 s: 0.0137726
3.61 s: -0.0219891
3.82 s: -0.0473261
4.03 s: -0.0395339
4.24 s: 0.0130378

States aimed at:
3.4 s: 0.117137, 0.108184, 3.09368, 3.0909, -0.221416, 0.0660241, 0.000432524, 
3.5 s: 0.0916912, 0.132462, 3.10412, 3.10293, -0.216969, 0.0229196, 0.000526545, 
3.61 s: 0.114993, 0.125944, 3.11549, 3.11715, -0.216178, -0.0085414, 0.000563571, 
3.82 s: 0.0961923, 0.0893124, 3.13766, 3.13975, -0.221957, -0.0464957, 0.000849515, 
4.03 s: 0.0746931, 0.0659794, 3.1556, 3.15605, -0.231254, -0.0420403, 0.0012488, 
4.24 s: 0.0628081, 0.0653234, 3.17004, 3.16984, -0.235688, -0.000196884, 0.00143075, 

Detailed control signals:
3.3 s: 0.0745107

Real condition: 
3.3 s: 0.105921, 0.0700925, 3.08616, 3.08111, -0.229749, 0.111002, 0, 
3.4 s: 0.117137, 0.108184, 3.09368, 3.0909, -0.221416, 0.0660241, 0.000432524, 

Unchangeable control signals:
3.4 s: 0.0411185
3.5 s: 0.0137726

Expected States:
3.4 s: 0.117137, 0.108184, 3.09368, 3.0909, -0.221416, 0.0660241, 0, 
3.5 s: 0.114571, 0.127383, 3.10386, 3.10311, -0.217079, 0.0256956, 8.15575e-005, 

Optimal control:
3.5 s: 0.0118672
3.6 s: -0.0199724
3.71 s: -0.0369278
3.92 s: -0.0536578
4.13 s: -0.0221036
4.34 s: 0.0264309

States aimed at:
3.5 s: 0.114571, 0.127383, 3.10386, 3.10311, -0.217079, 0.0256956, 8.15575e-005, 
3.6 s: 0.104239, 0.127509, 3.1148, 3.11586, -0.216171, -0.00754259, 0.000108544, 
3.71 s: 0.107463, 0.107932, 3.12644, 3.12881, -0.218339, -0.0318794, 0.000205484, 
3.92 s: 0.0792614, 0.0710543, 3.14605, 3.1476, -0.227081, -0.0513729, 0.00065098, 
4.13 s: 0.0602343, 0.0555898, 3.1607, 3.1609, -0.23581, -0.0317648, 0.00100459, 
4.34 s: 0.0493286, 0.0535545, 3.1722, 3.17236, -0.237304, 0.017543, 0.00112924, 

Detailed control signals:
3.4 s: 0.0411185

Real condition: 
3.4 s: 0.117137, 0.108184, 3.09368, 3.0909, -0.221416, 0.0660241, 0, 
3.5 s: 0.114571, 0.127383, 3.10386, 3.10311, -0.217079, 0.0256956, 8.15575e-005, 

Unchangeable control signals:
3.5 s: 0.0118672
3.6 s: -0.0199724

Expected States:
3.5 s: 0.114571, 0.127383, 3.10386, 3.10311, -0.217079, 0.0256956, 0, 
3.6 s: 0.102539, 0.12975, 3.11513, 3.11604, -0.216181, -0.00729623, 1.00903e-005, 

Optimal control:
3.6 s: -0.0114839
3.7 s: -0.0438204
3.81 s: -0.0447911
4.02 s: -0.0534532
4.23 s: -0.00669381
4.44 s: 0.0341879

States aimed at:
3.6 s: 0.102539, 0.12975, 3.11513, 3.11604, -0.216181, -0.00729623, 1.00903e-005, 
3.7 s: 0.103854, 0.111541, 3.12545, 3.1281, -0.218048, -0.0300402, 0.000112695, 
3.81 s: 0.0915441, 0.0840472, 3.13619, 3.13886, -0.222265, -0.0466456, 0.000328651, 
4.02 s: 0.0589884, 0.0506327, 3.152, 3.153, -0.232439, -0.0502448, 0.000839317, 
4.23 s: 0.0437588, 0.0425959, 3.16279, 3.16279, -0.239912, -0.0209302, 0.00114403, 
4.44 s: 0.0345287, 0.0396986, 3.17101, 3.17143, -0.239016, 0.0294658, 0.00127146, 

Detailed control signals:
3.5 s: 0.0118672

Real condition: 
3.5 s: 0.114571, 0.127383, 3.10386, 3.10311, -0.217079, 0.0256956, 0, 
3.6 s: 0.102539, 0.12975, 3.11513, 3.11604, -0.216181, -0.00729623, 1.00903e-005, 

Unchangeable control signals:
3.6 s: -0.0114839
3.7 s: -0.0438204

Expected States:
3.6 s: 0.102539, 0.12975, 3.11513, 3.11604, -0.216181, -0.00729623, 0, 
3.7 s: 0.0835925, 0.119205, 3.12619, 3.12826, -0.217981, -0.03173, 8.51777e-005, 

Optimal control:
3.7 s: -0.0282757
3.8 s: -0.0577667
3.91 s: -0.0466639
4.12 s: -0.0482265
4.33 s: 0.00552694
4.54 s: 0.0369586

States aimed at:
3.7 s: 0.0835925, 0.119205, 3.12619, 3.12826, -0.217981, -0.03173, 8.51777e-005, 
3.8 s: 0.0936721, 0.0888741, 3.13505, 3.13866, -0.221785, -0.0443459, 0.000292003, 
3.91 s: 0.0708104, 0.0579833, 3.1441, 3.14674, -0.227167, -0.053506, 0.000595301, 
4.12 s: 0.0380875, 0.0303716, 3.15553, 3.15601, -0.237478, -0.0446979, 0.00106815, 
4.33 s: 0.0271806, 0.0288017, 3.16239, 3.16223, -0.243302, -0.0107664, 0.00131557, 
4.54 s: 0.0201547, 0.0255548, 3.16736, 3.16793, -0.240678, 0.0357521, 0.0014622, 

Detailed control signals:
3.6 s: -0.0114839

Real condition: 
3.6 s: 0.102539, 0.12975, 3.11513, 3.11604, -0.216181, -0.00729623, 0, 
3.7 s: 0.0835925, 0.119205, 3.12619, 3.12826, -0.217981, -0.03173, 8.51777e-005, 

Unchangeable control signals:
3.7 s: -0.0282757
3.8 s: -0.0577667

Expected States:
3.7 s: 0.0835925, 0.119205, 3.12619, 3.12826, -0.217981, -0.03173, 0, 
3.8 s: 0.0615256, 0.0998159, 3.13603, 3.13878, -0.221667, -0.0473186, 0.00019233, 

Optimal control:
3.8 s: -0.0383226
3.9 s: -0.0630645
4.01 s: -0.0436182
4.22 s: -0.039831
4.43 s: 0.0144173
4.64 s: 0.0355827

States aimed at:
3.8 s: 0.0615256, 0.0998159, 3.13603, 3.13878, -0.221667, -0.0473186, 0.00019233, 
3.9 s: 0.0770326, 0.0632692, 3.14296, 3.14694, -0.226588, -0.0510894, 0.000464617, 
4.01 s: 0.0484022, 0.032822, 3.14986, 3.15222, -0.232352, -0.0537107, 0.000787999, 
4.22 s: 0.018733, 0.0122415, 3.15691, 3.15695, -0.241802, -0.0362915, 0.00115435, 
4.43 s: 0.0121526, 0.0156935, 3.16015, 3.15989, -0.245824, -0.00201625, 0.00134276, 
4.64 s: 0.00739037, 0.0124985, 3.1622, 3.16285, -0.242125, 0.0372461, 0.00149753, 

Detailed control signals:
3.7 s: -0.0282757

Real condition: 
3.7 s: 0.0835925, 0.119205, 3.12619, 3.12826, -0.217981, -0.03173, 0, 
3.8 s: 0.0615256, 0.0998159, 3.13603, 3.13878, -0.221667, -0.0473186, 0.00019233, 

Unchangeable control signals:
3.8 s: -0.0383226
3.9 s: -0.0630645

Expected States:
3.8 s: 0.0615256, 0.0998159, 3.13603, 3.13878, -0.221667, -0.0473186, 0, 
3.9 s: 0.0385487, 0.0758197, 3.14403, 3.14703, -0.226442, -0.0547838, 0.000262085, 

Optimal control:
3.9 s: -0.0423631
4 s: -0.061173
4.11 s: -0.0372418
4.32 s: -0.0297302
4.53 s: 0.0198187
4.74 s: 0.0312531

States aimed at:
3.9 s: 0.0385487, 0.0758197, 3.14403, 3.14703, -0.226442, -0.0547838, 0.000262085, 
4 s: 0.0572425, 0.0379395, 3.14882, 3.15272, -0.231752, -0.0514143, 0.000538923, 
4.11 s: 0.0269036, 0.0106238, 3.15345, 3.15539, -0.237266, -0.0488455, 0.000821023, 
4.32 s: 0.00231947, -0.00265212, 3.15652, 3.15622, -0.24518, -0.0265238, 0.00105946, 
4.53 s: -0.000358302, 0.00437136, 3.15673, 3.1564, -0.247459, 0.00482075, 0.00119351, 
4.74 s: -0.00292681, 0.0014767, 3.15638, 3.15702, -0.243285, 0.0349258, 0.00133731, 

Detailed control signals:
3.8 s: -0.0383226

Real condition: 
3.8 s: 0.0615256, 0.0998159, 3.13603, 3.13878, -0.221667, -0.0473186, 0, 
3.9 s: 0.0385487, 0.0758197, 3.14403, 3.14703, -0.226442, -0.0547838, 0.000262085, 

Unchangeable control signals:
3.9 s: -0.0423631
4 s: -0.061173

Expected States:
3.9 s: 0.0385487, 0.0758197, 3.14403, 3.14703, -0.226442, -0.0547838, 0, 
4 s: 0.0175128, 0.0505141, 3.14987, 3.15277, -0.231597, -0.0553215, 0.000270942, 

Optimal control:
4 s: -0.0414646
4.1 s: -0.0540264
4.21 s: -0.0289335
4.42 s: -0.0192953
4.63 s: 0.0220666
4.84 s: 0.0250656

States aimed at:
4 s: 0.0175128, 0.0505141, 3.14987, 3.15277, -0.231597, -0.0553215, 0.000270942, 
4.1 s: 0.0368934, 0.0151304, 3.15259, 3.15605, -0.236706, -0.0468567, 0.00050285, 
4.21 s: 0.00807411, -0.00723812, 3.15506, 3.15649, -0.241516, -0.0405981, 0.00070943, 
4.42 s: -0.0103345, -0.0136591, 3.15483, 3.15429, -0.247527, -0.0166426, 0.000836423, 
4.63 s: -0.00975564, -0.00456092, 3.15272, 3.15238, -0.24827, 0.00955758, 0.000926644, 
4.84 s: -0.0104356, -0.00697441, 3.1506, 3.15117, -0.244126, 0.0299159, 0.00104374, 

Detailed control signals:
3.9 s: -0.0423631

Real condition: 
3.9 s: 0.0385487, 0.0758197, 3.14403, 3.14703, -0.226442, -0.0547838, 0, 
4 s: 0.0175128, 0.0505141, 3.14987, 3.15277, -0.231597, -0.0553215, 0.000270942, 

Unchangeable control signals:
4 s: -0.0414646
4.1 s: -0.0540264

Expected States:
4 s: 0.0175128, 0.0505141, 3.14987, 3.15277, -0.231597, -0.0553215, 0, 
4.1 s: -7.27854e-005, 0.0265509, 3.15352, 3.15608, -0.23656, -0.0505609, 0.000229279, 

Optimal control:
4.1 s: -0.0369135
4.2 s: -0.0435657
4.31 s: -0.019936
4.52 s: -0.00958838
4.73 s: 0.0217066
4.94 s: 0.0180465

States aimed at:
4.1 s: -7.27854e-005, 0.0265509, 3.15352, 3.15608, -0.23656, -0.0505609, 0.000229279, 
4.2 s: 0.0179917, -0.00361216, 3.15441, 3.15723, -0.241039, -0.0390288, 0.000392274, 
4.31 s: -0.00696793, -0.0201054, 3.15502, 3.15592, -0.244867, -0.0305571, 0.000518496, 
4.52 s: -0.0189351, -0.0206878, 3.1523, 3.15164, -0.248873, -0.00760255, 0.00056987, 
4.73 s: -0.0159213, -0.0108607, 3.14864, 3.14833, -0.248385, 0.0122518, 0.000628986, 
4.94 s: -0.0151138, -0.0126877, 3.14538, 3.14585, -0.244649, 0.0233328, 0.000712639, 

Detailed control signals:
4 s: -0.0414646

Real condition: 
4 s: 0.0175128, 0.0505141, 3.14987, 3.15277, -0.231597, -0.0553215, 0, 
4.1 s: -7.27854e-005, 0.0265509, 3.15352, 3.15608, -0.23656, -0.0505609, 0.000229279, 

Unchangeable control signals:
4.1 s: -0.0369135
4.2 s: -0.0435657

Expected States:
4.1 s: -7.27854e-005, 0.0265509, 3.15352, 3.15608, -0.23656, -0.0505609, 0, 
4.2 s: -0.0134226, 0.00586921, 3.15516, 3.15723, -0.240913, -0.0422321, 0.000162291, 

Optimal control:
4.2 s: -0.0300189
4.3 s: -0.031568
4.41 s: -0.0112573
4.62 s: -0.00133732
4.83 s: 0.019413
5.04 s: 0.0110751

States aimed at:
4.2 s: -0.0134226, 0.00586921, 3.15516, 3.15723, -0.240913, -0.0422321, 0.000162291, 
4.3 s: 0.00197076, -0.0174857, 3.15459, 3.15665, -0.244497, -0.0294515, 0.000257162, 
4.41 s: -0.0177101, -0.0279569, 3.15373, 3.15415, -0.247222, -0.0200941, 0.000318933, 
4.62 s: -0.0236443, -0.0240379, 3.14938, 3.14869, -0.249337, -4.33788e-005, 0.000332425, 
4.83 s: -0.0190623, -0.0145758, 3.1449, 3.14463, -0.24796, 0.0131543, 0.000372179, 
5.04 s: -0.0172114, -0.0157932, 3.14109, 3.14144, -0.244879, 0.0161913, 0.000424621, 

Detailed control signals:
4.1 s: -0.0369135

Real condition: 
4.1 s: -7.27854e-005, 0.0265509, 3.15352, 3.15608, -0.23656, -0.0505609, 0, 
4.2 s: -0.0134226, 0.00586921, 3.15516, 3.15723, -0.240913, -0.0422321, 0.000162291, 

Unchangeable control signals:
4.2 s: -0.0300189
4.3 s: -0.031568

Expected States:
4.2 s: -0.0134226, 0.00586921, 3.15516, 3.15723, -0.240913, -0.0422321, 0, 
4.3 s: -0.0222979, -0.0103603, 3.15514, 3.15662, -0.244397, -0.0319758, 9.48437e-005, 

Optimal control:
4.3 s: -0.021986
4.4 s: -0.0195376
4.51 s: -0.00362992
4.72 s: 0.00501993
4.93 s: 0.0158612
5.14 s: 0.00475888

States aimed at:
4.3 s: -0.0222979, -0.0103603, 3.15514, 3.15662, -0.244397, -0.0319758, 9.48437e-005, 
4.4 s: -0.0103639, -0.0263474, 3.1535, 3.15479, -0.246968, -0.0194462, 0.000138095, 
4.51 s: -0.0241775, -0.0312715, 3.15161, 3.15162, -0.248604, -0.0102941, 0.000159812, 
4.72 s: -0.0249739, -0.0243077, 3.14644, 3.14578, -0.249089, 0.00567625, 0.000163842, 
4.93 s: -0.0196347, -0.0159983, 3.14176, 3.14155, -0.24717, 0.0126002, 0.000192901, 
5.14 s: -0.0171698, -0.0166413, 3.1379, 3.13813, -0.244873, 0.00927194, 0.000221692, 

Detailed control signals:
4.2 s: -0.0300189

Real condition: 
4.2 s: -0.0134226, 0.00586921, 3.15516, 3.15723, -0.240913, -0.0422321, 0, 
4.3 s: -0.0222979, -0.0103603, 3.15514, 3.15662, -0.244397, -0.0319758, 9.48437e-005, 

Unchangeable control signals:
4.3 s: -0.021986
4.4 s: -0.0195376

Expected States:
4.3 s: -0.0222979, -0.0103603, 3.15514, 3.15662, -0.244397, -0.0319758, 0, 
4.4 s: -0.0269708, -0.0216659, 3.15385, 3.15476, -0.246898, -0.021222, 4.31552e-005, 

Optimal control:
4.4 s: -0.0138508
4.5 s: -0.0085978
4.61 s: 0.00247214
4.82 s: 0.00936227
5.03 s: 0.0116823
5.24 s: -0.000448774

States aimed at:
4.4 s: -0.0269708, -0.0216659, 3.15385, 3.15476, -0.246898, -0.021222, 4.31552e-005, 
4.5 s: -0.0187131, -0.0305807, 3.15156, 3.15214, -0.248462, -0.0100514, 5.64436e-005, 
4.61 s: -0.0267942, -0.0308426, 3.14906, 3.14877, -0.24912, -0.00191656, 6.08454e-005, 
4.82 s: -0.0236233, -0.0222138, 3.14377, 3.14319, -0.248327, 0.00946815, 7.06906e-005, 
5.03 s: -0.0182082, -0.01555, 3.13937, 3.13923, -0.246178, 0.0110001, 9.4224e-005, 
5.24 s: -0.0155131, -0.0157077, 3.13583, 3.13595, -0.24469, 0.00317656, 0.000108575, 

Detailed control signals:
4.3 s: -0.021986

Real condition: 
4.3 s: -0.0222979, -0.0103603, 3.15514, 3.15662, -0.244397, -0.0319758, 0, 
4.4 s: -0.0269708, -0.0216659, 3.15385, 3.15476, -0.246898, -0.021222, 4.31552e-005, 

Unchangeable control signals:
4.4 s: -0.0138508
4.5 s: -0.0085978

Expected States:
4.4 s: -0.0269708, -0.0216659, 3.15385, 3.15476, -0.246898, -0.021222, 0, 
4.5 s: -0.0279515, -0.0281963, 3.15172, 3.1521, -0.248421, -0.0110938, 1.28285e-005, 

Optimal control:
4.5 s: -0.0063954
4.6 s: 0.000476045
4.71 s: 0.0068567
4.92 s: 0.0117581
5.13 s: 0.00742705
5.34 s: -0.00434503

States aimed at:
4.5 s: -0.0279515, -0.0281963, 3.15172, 3.1521, -0.248421, -0.0110938, 1.28285e-005, 
4.6 s: -0.0232787, -0.030912, 3.14915, 3.14915, -0.249076, -0.00200539, 1.48849e-005, 
4.71 s: -0.0262546, -0.0276122, 3.14643, 3.14593, -0.248933, 0.00459666, 1.74831e-005, 
4.92 s: -0.0203714, -0.0185304, 3.14153, 3.14109, -0.247249, 0.0114427, 3.69362e-005, 
5.13 s: -0.0154048, -0.0137395, 3.13778, 3.1377, -0.245128, 0.00875393, 5.72446e-005, 
5.34 s: -0.0127925, -0.0135136, 3.13482, 3.13484, -0.244391, -0.00172851, 6.50189e-005, 

Detailed control signals:
4.4 s: -0.0138508

Real condition: 
4.4 s: -0.0269708, -0.0216659, 3.15385, 3.15476, -0.246898, -0.021222, 0, 
4.5 s: -0.0279515, -0.0281963, 3.15172, 3.1521, -0.248421, -0.0110938, 1.28285e-005, 

Unchangeable control signals:
4.5 s: -0.0063954
4.6 s: 0.000476045

Expected States:
4.5 s: -0.0279515, -0.0281963, 3.15172, 3.1521, -0.248421, -0.0110938, 0, 
4.6 s: -0.0260887, -0.0304818, 3.14915, 3.14911, -0.24906, -0.00239592, 1.26944e-006, 

Optimal control:
4.6 s: -0.000157669
4.7 s: 0.00729154
4.81 s: 0.00952432
5.02 s: 0.0124618
5.23 s: 0.00351081
5.44 s: -0.00687547

States aimed at:
4.6 s: -0.0260887, -0.0304818, 3.14915, 3.14911, -0.24906, -0.00239592, 1.26944e-006, 
4.7 s: -0.0245382, -0.0282515, 3.14662, 3.14617, -0.248967, 0.00426649, 3.92901e-006, 
4.81 s: -0.0233715, -0.0225675, 3.14399, 3.14338, -0.248232, 0.00908721, 1.18424e-005, 
5.02 s: -0.0159875, -0.0139936, 3.13985, 3.13954, -0.246033, 0.011857, 3.76733e-005, 
5.23 s: -0.0118272, -0.0110669, 3.13693, 3.13691, -0.244134, 0.00623179, 5.52737e-005, 
5.44 s: -0.00952335, -0.0105746, 3.13469, 3.13463, -0.244033, -0.0052697, 6.15314e-005, 

Detailed control signals:
4.5 s: -0.0063954

Real condition: 
4.5 s: -0.0279515, -0.0281963, 3.15172, 3.1521, -0.248421, -0.0110938, 0, 
4.6 s: -0.0260887, -0.0304818, 3.14915, 3.14911, -0.24906, -0.00239592, 1.26944e-006, 

Unchangeable control signals:
4.6 s: -0.000157669
4.7 s: 0.00729154

Expected States:
4.6 s: -0.0260887, -0.0304818, 3.14915, 3.14911, -0.24906, -0.00239592, 0, 
4.7 s: -0.0222247, -0.0293404, 3.1465, 3.14613, -0.248972, 0.00440509, 1.73473e-006, 

Optimal control:
4.7 s: 0.00457017
4.8 s: 0.0117584
4.91 s: 0.0106398
5.12 s: 0.0118197
5.33 s: 0.000215615
5.54 s: -0.00813637

States aimed at:
4.7 s: -0.0222247, -0.0293404, 3.1465, 3.14613, -0.248972, 0.00440509, 1.73473e-006, 
4.8 s: -0.023179, -0.0235781, 3.14423, 3.14349, -0.248322, 0.0086053, 9.69203e-006, 
4.91 s: -0.0189884, -0.0166245, 3.14191, 3.14128, -0.247209, 0.0116245, 2.35226e-005, 
5.12 s: -0.0111622, -0.00924025, 3.13874, 3.13856, -0.244828, 0.0110508, 5.00782e-005, 
5.33 s: -0.00800219, -0.00799795, 3.13673, 3.13675, -0.243276, 0.00373619, 6.47521e-005, 
5.54 s: -0.00614805, -0.00734983, 3.13525, 3.13514, -0.243665, -0.00744913, 7.1708e-005, 

Detailed control signals:
4.6 s: -0.000157669

Real condition: 
4.6 s: -0.0260887, -0.0304818, 3.14915, 3.14911, -0.24906, -0.00239592, 0, 
4.7 s: -0.0222247, -0.0293404, 3.1465, 3.14613, -0.248972, 0.00440509, 1.73473e-006, 

Unchangeable control signals:
4.7 s: 0.00457017
4.8 s: 0.0117584

Expected States:
4.7 s: -0.0222247, -0.0293404, 3.1465, 3.14613, -0.248972, 0.00440509, 0, 
4.8 s: -0.0172014, -0.0257159, 3.14403, 3.14345, -0.248343, 0.00913165, 7.09613e-006, 

Optimal control:
4.8 s: 0.00771808
4.9 s: 0.0140201
5.01 s: 0.010485
5.22 s: 0.0102138
5.43 s: -0.00228785
5.64 s: -0.00832189

States aimed at:
4.8 s: -0.0172014, -0.0257159, 3.14403, 3.14345, -0.248343, 0.00913165, 7.09613e-006, 
4.9 s: -0.0199684, -0.0178207, 3.14217, 3.14128, -0.247332, 0.0110729, 1.99027e-005, 
5.01 s: -0.0138816, -0.0105586, 3.14031, 3.13972, -0.246039, 0.012446, 3.676e-005, 
5.22 s: -0.00645513, -0.00476801, 3.13818, 3.13811, -0.243745, 0.00939902, 5.9257e-005, 
5.43 s: -0.00434875, -0.00491752, 3.13704, 3.13709, -0.242601, 0.00149888, 7.07603e-005, 
5.64 s: -0.00301355, -0.0042139, 3.13627, 3.13613, -0.243324, -0.00838892, 7.85815e-005, 

Detailed control signals:
4.7 s: 0.00457017

Real condition: 
4.7 s: -0.0222247, -0.0293404, 3.1465, 3.14613, -0.248972, 0.00440509, 0, 
4.8 s: -0.0172014, -0.0257159, 3.14403, 3.14345, -0.248343, 0.00913165, 7.09613e-006, 

Unchangeable control signals:
4.8 s: 0.00771808
4.9 s: 0.0140201

Expected States:
4.8 s: -0.0172014, -0.0257159, 3.14403, 3.14345, -0.248343, 0.00913165, 0, 
4.9 s: -0.0118039, -0.0205419, 3.14194, 3.14125, -0.247363, 0.0118411, 1.21446e-005, 

Optimal control:
4.9 s: 0.00936844
5 s: 0.0144097
5.11 s: 0.00937509
5.32 s: 0.0080372
5.53 s: -0.0039671
5.74 s: -0.00767258

States aimed at:
4.9 s: -0.0118039, -0.0205419, 3.14194, 3.14125, -0.247363, 0.0118411, 1.21446e-005, 
5 s: -0.0156509, -0.0117831, 3.14056, 3.13964, -0.246176, 0.0118947, 2.6915e-005, 
5.11 s: -0.00870698, -0.00497713, 3.13922, 3.13872, -0.244868, 0.011892, 4.31692e-005, 
5.32 s: -0.00228531, -0.000935692, 3.13807, 3.13809, -0.242856, 0.00726203, 5.91805e-005, 
5.53 s: -0.0011741, -0.00211872, 3.13771, 3.13777, -0.242129, -0.000334271, 6.76157e-005, 
5.74 s: -0.000355219, -0.00144189, 3.13754, 3.1374, -0.243036, -0.00830638, 7.54493e-005, 

Detailed control signals:
4.8 s: 0.00771808

Real condition: 
4.8 s: -0.0172014, -0.0257159, 3.14403, 3.14345, -0.248343, 0.00913165, 0, 
4.9 s: -0.0118039, -0.0205419, 3.14194, 3.14125, -0.247363, 0.0118411, 1.21446e-005, 

Unchangeable control signals:
4.9 s: 0.00936844
5 s: 0.0144097

Expected States:
4.9 s: -0.0118039, -0.0205419, 3.14194, 3.14125, -0.247363, 0.0118411, 0, 
5 s: -0.00659801, -0.0146926, 3.14032, 3.13962, -0.246211, 0.0127733, 1.43468e-005, 

Optimal control:
5 s: 0.00973185
5.1 s: 0.013343
5.21 s: 0.00765024
5.42 s: 0.00563173
5.63 s: -0.00486209
5.84 s: -0.00645598

States aimed at:
5 s: -0.00659801, -0.0146926, 3.14032, 3.13962, -0.246211, 0.0127733, 1.43468e-005, 
5.1 s: -0.010909, -0.00610724, 3.13944, 3.13858, -0.245002, 0.0113924, 2.7984e-005, 
5.21 s: -0.00397222, -0.000286013, 3.13862, 3.13823, -0.243807, 0.0103497, 4.09948e-005, 
5.42 s: 0.00108529, 0.00205382, 3.13832, 3.13841, -0.242199, 0.00495988, 5.04703e-005, 
5.63 s: 0.00134107, 0.000200368, 3.13857, 3.13865, -0.241856, -0.001689, 5.62827e-005, 
5.84 s: 0.00169071, 0.00079312, 3.13889, 3.13876, -0.242816, -0.0074586, 6.31413e-005, 

Detailed control signals:
4.9 s: 0.00936844

Real condition: 
4.9 s: -0.0118039, -0.0205419, 3.14194, 3.14125, -0.247363, 0.0118411, 0, 
5 s: -0.00659801, -0.0146926, 3.14032, 3.13962, -0.246211, 0.0127733, 1.43468e-005, 

Unchangeable control signals:
5 s: 0.00973185
5.1 s: 0.013343

Expected States:
5 s: -0.00659801, -0.0146926, 3.14032, 3.13962, -0.246211, 0.0127733, 0, 
5.1 s: -0.00203857, -0.00888379, 3.13921, 3.13857, -0.245037, 0.0122718, 1.34199e-005, 

Optimal control:
5.1 s: 0.00908748
5.2 s: 0.0112757
5.31 s: 0.00562327
5.52 s: 0.00327998
5.73 s: -0.00507957
5.94 s: -0.0049251

States aimed at:
5.1 s: -0.00203857, -0.00888379, 3.13921, 3.13857, -0.245037, 0.0122718, 1.34199e-005, 
5.2 s: -0.00629406, -0.00123794, 3.1388, 3.13806, -0.243927, 0.00993635, 2.3906e-005, 
5.31 s: -1.59465e-005, 0.00329023, 3.13845, 3.13818, -0.242929, 0.00820558, 3.26379e-005, 
5.52 s: 0.00353402, 0.00412272, 3.13882, 3.13896, -0.241779, 0.00275001, 3.70877e-005, 
5.73 s: 0.00311873, 0.00193735, 3.13952, 3.13959, -0.241758, -0.0025542, 4.09266e-005, 
5.94 s: 0.00308042, 0.0024108, 3.14017, 3.14005, -0.242668, -0.00611205, 4.61827e-005, 

Detailed control signals:
5 s: 0.00973185

Real condition: 
5 s: -0.00659801, -0.0146926, 3.14032, 3.13962, -0.246211, 0.0127733, 0, 
5.1 s: -0.00203857, -0.00888379, 3.13921, 3.13857, -0.245037, 0.0122718, 1.34199e-005, 

Unchangeable control signals:
5.1 s: 0.00908748
5.2 s: 0.0112757

Expected States:
5.1 s: -0.00203857, -0.00888379, 3.13921, 3.13857, -0.245037, 0.0122718, 0, 
5.2 s: 0.00160008, -0.00365141, 3.1386, 3.13806, -0.243958, 0.0107332, 1.04063e-005, 

Optimal control:
5.2 s: 0.00774195
5.3 s: 0.0086468
5.41 s: 0.00355891
5.62 s: 0.0011908
5.83 s: -0.00476416
6.04 s: -0.00330121

States aimed at:
5.2 s: 0.00160008, -0.00365141, 3.1386, 3.13806, -0.243958, 0.0107332, 1.04063e-005, 
5.3 s: -0.00220907, 0.00256269, 3.13857, 3.13801, -0.243027, 0.00789652, 1.71416e-005, 
5.41 s: 0.00297891, 0.00568545, 3.13861, 3.13846, -0.242273, 0.00580866, 2.19504e-005, 
5.62 s: 0.00505397, 0.00529959, 3.13946, 3.13961, -0.241577, 0.000818361, 2.34292e-005, 
5.83 s: 0.00417036, 0.00307007, 3.14043, 3.14049, -0.241803, -0.00296751, 2.59613e-005, 
6.04 s: 0.00384215, 0.00340843, 3.14127, 3.14117, -0.242588, -0.00451552, 2.94888e-005, 

Detailed control signals:
5.1 s: 0.00908748

Real condition: 
5.1 s: -0.00203857, -0.00888379, 3.13921, 3.13857, -0.245037, 0.0122718, 0, 
5.2 s: 0.00160008, -0.00365141, 3.1386, 3.13806, -0.243958, 0.0107332, 1.04063e-005, 

Unchangeable control signals:
5.2 s: 0.00774195
5.3 s: 0.0086468

Expected States:
5.2 s: 0.00160008, -0.00365141, 3.1386, 3.13806, -0.243958, 0.0107332, 0, 
5.3 s: 0.00420031, 0.00065193, 3.13842, 3.13801, -0.243053, 0.0085556, 6.7216e-006, 

Optimal control:
5.3 s: 0.00599303
5.4 s: 0.00584134
5.51 s: 0.00166085
5.72 s: -0.000502572
5.93 s: -0.00407573
6.14 s: -0.0017605

States aimed at:
5.3 s: 0.00420031, 0.00065193, 3.13842, 3.13801, -0.243053, 0.0085556, 6.7216e-006, 
5.4 s: 0.00109021, 0.00519619, 3.13869, 3.1383, -0.242345, 0.00560765, 1.02235e-005, 
5.51 s: 0.00496387, 0.00696093, 3.13902, 3.13897, -0.241847, 0.00344658, 1.22519e-005, 
5.72 s: 0.00572749, 0.00569042, 3.14014, 3.1403, -0.24156, -0.000720635, 1.2568e-005, 
5.93 s: 0.00457333, 0.00363855, 3.14122, 3.14128, -0.241951, -0.00300014, 1.43388e-005, 
6.14 s: 0.0040567, 0.00384254, 3.14213, 3.14207, -0.242569, -0.00288094, 1.64084e-005, 

Detailed control signals:
5.2 s: 0.00774195

Real condition: 
5.2 s: 0.00160008, -0.00365141, 3.1386, 3.13806, -0.243958, 0.0107332, 0, 
5.3 s: 0.00420031, 0.00065193, 3.13842, 3.13801, -0.243053, 0.0085556, 6.7216e-006, 

Unchangeable control signals:
5.3 s: 0.00599303
5.4 s: 0.00584134

Expected States:
5.3 s: 0.00420031, 0.00065193, 3.13842, 3.13801, -0.243053, 0.0085556, 0, 
5.4 s: 0.00577083, 0.00384618, 3.13859, 3.13831, -0.242364, 0.00610022, 3.5015e-006, 

Optimal control:
5.4 s: 0.00410404
5.5 s: 0.00316691
5.61 s: 6.7814e-005
5.82 s: -0.00173673
6.03 s: -0.00316991
6.24 s: -0.000428108

States aimed at:
5.4 s: 0.00577083, 0.00384618, 3.13859, 3.13831, -0.242364, 0.00610022, 3.5015e-006, 
5.5 s: 0.00348379, 0.0066981, 3.13905, 3.13884, -0.241892, 0.00334631, 4.84512e-006, 
5.61 s: 0.00599741, 0.00726908, 3.13957, 3.1396, -0.241634, 0.00133378, 5.39698e-006, 
5.82 s: 0.00569711, 0.00544984, 3.1408, 3.14094, -0.241685, -0.00181729, 5.71417e-006, 
6.03 s: 0.00444754, 0.00372632, 3.14186, 3.1419, -0.242164, -0.00274163, 7.08595e-006, 
6.24 s: 0.00383694, 0.00380921, 3.14273, 3.1427, -0.242596, -0.00137173, 8.16027e-006, 

Detailed control signals:
5.3 s: 0.00599303

Real condition: 
5.3 s: 0.00420031, 0.00065193, 3.13842, 3.13801, -0.243053, 0.0085556, 0, 
5.4 s: 0.00577083, 0.00384618, 3.13859, 3.13831, -0.242364, 0.00610022, 3.5015e-006, 

Unchangeable control signals:
5.4 s: 0.00410404
5.5 s: 0.00316691

Expected States:
5.4 s: 0.00577083, 0.00384618, 3.13859, 3.13831, -0.242364, 0.00610022, 0, 
5.5 s: 0.00641397, 0.0059, 3.13899, 3.13885, -0.241904, 0.00366634, 1.32898e-006, 

Optimal control:
5.5 s: 0.00228728
5.6 s: 0.000844031
5.71 s: -0.00114415
5.92 s: -0.00250699
6.13 s: -0.00218519
6.34 s: 0.000620877

States aimed at:
5.5 s: 0.00641397, 0.0059, 3.13899, 3.13885, -0.241904, 0.00366634, 1.32898e-006, 
5.6 s: 0.00496622, 0.00720237, 3.13956, 3.1395, -0.241655, 0.00131921, 1.62619e-006, 
5.71 s: 0.00621367, 0.0068164, 3.14018, 3.14027, -0.241604, -0.000391049, 1.73737e-006, 
5.92 s: 0.005137, 0.0047541, 3.14137, 3.14149, -0.241905, -0.00247582, 2.53474e-006, 
6.13 s: 0.00393339, 0.00344192, 3.14232, 3.14235, -0.242405, -0.00228729, 3.69605e-006, 
6.34 s: 0.0033092, 0.00342524, 3.14308, 3.14307, -0.242656, -9.99024e-005, 4.23791e-006, 

Detailed control signals:
5.4 s: 0.00410404

Real condition: 
5.4 s: 0.00577083, 0.00384618, 3.13859, 3.13831, -0.242364, 0.00610022, 0, 
5.5 s: 0.00641397, 0.0059, 3.13899, 3.13885, -0.241904, 0.00366634, 1.32898e-006, 

Unchangeable control signals:
5.5 s: 0.00228728
5.6 s: 0.000844031

Expected States:
5.5 s: 0.00641397, 0.0059, 3.13899, 3.13885, -0.241904, 0.00366634, 0, 
5.6 s: 0.00629491, 0.00689735, 3.13955, 3.13951, -0.241661, 0.00147843, 2.62486e-007, 

Optimal control:
5.6 s: 0.000696577
5.7 s: -0.000993599
5.81 s: -0.00195347
6.02 s: -0.00285352
6.23 s: -0.00123378
6.44 s: 0.00135643

States aimed at:
5.6 s: 0.00629491, 0.00689735, 3.13955, 3.13951, -0.241661, 0.00147843, 2.62486e-007, 
5.7 s: 0.00561948, 0.00690437, 3.14014, 3.1402, -0.241604, -0.000339381, 3.36109e-007, 
5.81 s: 0.0057912, 0.00583081, 3.14077, 3.1409, -0.241714, -0.00165956, 6.0029e-007, 
6.02 s: 0.00422889, 0.00377953, 3.14182, 3.14191, -0.242176, -0.00274071, 1.85594e-006, 
6.23 s: 0.00317377, 0.00290263, 3.1426, 3.14261, -0.242646, -0.00172768, 2.87074e-006, 
6.44 s: 0.00259813, 0.00281207, 3.14321, 3.14321, -0.242735, 0.000872255, 3.22377e-006, 

Detailed control signals:
5.5 s: 0.00228728

Real condition: 
5.5 s: 0.00641397, 0.0059, 3.13899, 3.13885, -0.241904, 0.00366634, 0, 
5.6 s: 0.00629491, 0.00689735, 3.13955, 3.13951, -0.241661, 0.00147843, 2.62486e-007, 

Unchangeable control signals:
5.6 s: 0.000696577
5.7 s: -0.000993599

Expected States:
5.6 s: 0.00629491, 0.00689735, 3.13955, 3.13951, -0.241661, 0.00147843, 0, 
5.7 s: 0.0056107, 0.0070013, 3.14016, 3.14021, -0.241605, -0.000316898, 2.60113e-008, 

Optimal control:
5.7 s: -0.000572983
5.8 s: -0.0022907
5.91 s: -0.00238177
6.12 s: -0.00284675
6.33 s: -0.000397333
6.54 s: 0.00178536

States aimed at:
5.7 s: 0.0056107, 0.0070013, 3.14016, 3.14021, -0.241605, -0.000316898, 2.60113e-008, 
5.8 s: 0.00558374, 0.00602751, 3.14072, 3.14086, -0.241699, -0.00156265, 3.04793e-007, 
5.91 s: 0.00492533, 0.00453505, 3.1413, 3.14144, -0.241921, -0.00246312, 9.054e-007, 
6.12 s: 0.00314309, 0.00268589, 3.14214, 3.1422, -0.242461, -0.00268277, 2.35196e-006, 
6.33 s: 0.0023, 0.00222121, 3.14271, 3.14272, -0.242862, -0.00114123, 3.21946e-006, 
6.54 s: 0.00181533, 0.00208322, 3.14315, 3.14317, -0.242822, 0.0015259, 3.57072e-006, 

Detailed control signals:
5.6 s: 0.000696577

Real condition: 
5.6 s: 0.00629491, 0.00689735, 3.13955, 3.13951, -0.241661, 0.00147843, 0, 
5.7 s: 0.0056107, 0.0070013, 3.14016, 3.14021, -0.241605, -0.000316898, 2.60113e-008, 

Unchangeable control signals:
5.7 s: -0.000572983
5.8 s: -0.0022907

Expected States:
5.7 s: 0.0056107, 0.0070013, 3.14016, 3.14021, -0.241605, -0.000316898, 0, 
5.8 s: 0.00456343, 0.00641956, 3.14076, 3.14087, -0.241696, -0.00164579, 2.29606e-007, 

Optimal control:
5.8 s: -0.00147978
5.9 s: -0.0030564
6.01 s: -0.00248136
6.22 s: -0.00257328
6.43 s: 0.000273172
6.64 s: 0.00194178

States aimed at:
5.8 s: 0.00456343, 0.00641956, 3.14076, 3.14087, -0.241696, -0.00164579, 2.29606e-007, 
5.9 s: 0.0050301, 0.00479547, 3.14124, 3.14143, -0.241895, -0.0023411, 8.06173e-007, 
6.01 s: 0.00380565, 0.00312686, 3.14172, 3.14187, -0.24218, -0.00283904, 1.6586e-006, 
6.22 s: 0.00202523, 0.00160523, 3.14233, 3.14236, -0.242729, -0.00238601, 3.00039e-006, 
6.43 s: 0.00142219, 0.00149645, 3.1427, 3.14269, -0.243041, -0.000589807, 3.70351e-006, 
6.64 s: 0.00105203, 0.00133553, 3.14296, 3.14299, -0.242906, 0.00187683, 4.10724e-006, 

Detailed control signals:
5.7 s: -0.000572983

Real condition: 
5.7 s: 0.0056107, 0.0070013, 3.14016, 3.14021, -0.241605, -0.000316898, 0, 
5.8 s: 0.00456343, 0.00641956, 3.14076, 3.14087, -0.241696, -0.00164579, 2.29606e-007, 

Unchangeable control signals:
5.8 s: -0.00147978
5.9 s: -0.0030564

Expected States:
5.8 s: 0.00456343, 0.00641956, 3.14076, 3.14087, -0.241696, -0.00164579, 0, 
5.9 s: 0.0033404, 0.0053739, 3.14129, 3.14144, -0.241889, -0.00249635, 5.35139e-007, 

Optimal control:
5.9 s: -0.00202652
6 s: -0.00334779
6.11 s: -0.00232279
6.32 s: -0.0021238
6.53 s: 0.000754888
6.74 s: 0.00187719

States aimed at:
5.9 s: 0.0033404, 0.0053739, 3.14129, 3.14144, -0.241889, -0.00249635, 5.35139e-007, 
6 s: 0.00413682, 0.00341093, 3.14166, 3.14188, -0.242149, -0.00270954, 1.30086e-006, 
6.11 s: 0.00259956, 0.00176644, 3.14203, 3.14216, -0.242456, -0.00285592, 2.21403e-006, 
6.32 s: 0.00098852, 0.000636302, 3.14241, 3.14241, -0.242959, -0.00193654, 3.25415e-006, 
6.53 s: 0.000624061, 0.000807169, 3.14258, 3.14256, -0.243174, -0.000116902, 3.78759e-006, 
6.74 s: 0.000375426, 0.000644026, 3.14268, 3.14272, -0.24298, 0.00196558, 4.21742e-006, 

Detailed control signals:
5.8 s: -0.00147978

Real condition: 
5.8 s: 0.00456343, 0.00641956, 3.14076, 3.14087, -0.241696, -0.00164579, 0, 
5.9 s: 0.0033404, 0.0053739, 3.14129, 3.14144, -0.241889, -0.00249635, 5.35139e-007, 

Unchangeable control signals:
5.9 s: -0.00202652
6 s: -0.00334779

Expected States:
5.9 s: 0.0033404, 0.0053739, 3.14129, 3.14144, -0.241889, -0.00249635, 0, 
6 s: 0.0020997, 0.00407592, 3.14172, 3.14188, -0.242142, -0.00290473, 7.36627e-007, 

Optimal control:
6 s: -0.00224923
6.1 s: -0.00325274
6.21 s: -0.00198386
6.42 s: -0.0015835
6.63 s: 0.00104828
6.84 s: 0.00165146

States aimed at:
6 s: 0.0020997, 0.00407592, 3.14172, 3.14188, -0.242142, -0.00290473, 7.36627e-007, 
6.1 s: 0.00307084, 0.0020416, 3.14198, 3.14219, -0.242424, -0.00273295, 1.51859e-006, 
6.21 s: 0.00144184, 0.000570467, 3.14223, 3.14233, -0.242717, -0.0025995, 2.31698e-006, 
6.42 s: 0.00011095, -0.000156752, 3.14239, 3.14237, -0.243138, -0.00141388, 2.99351e-006, 
6.63 s: -3.85527e-005, 0.000209694, 3.1424, 3.14238, -0.24326, 0.000251984, 3.37218e-006, 
6.84 s: -0.00017181, 6.0215e-005, 3.14237, 3.14241, -0.24304, 0.00184753, 3.77393e-006, 

Detailed control signals:
5.9 s: -0.00202652

Real condition: 
5.9 s: 0.0033404, 0.0053739, 3.14129, 3.14144, -0.241889, -0.00249635, 0, 
6 s: 0.0020997, 0.00407592, 3.14172, 3.14188, -0.242142, -0.00290473, 7.36627e-007, 

Unchangeable control signals:
6 s: -0.00224923
6.1 s: -0.00325274

Expected States:
6 s: 0.0020997, 0.00407592, 3.14172, 3.14188, -0.242142, -0.00290473, 0, 
6.1 s: 0.00096277, 0.00270943, 3.14203, 3.14219, -0.242415, -0.00293998, 7.65184e-007, 

Optimal control:
6.1 s: -0.00220575
6.2 s: -0.00287425
6.31 s: -0.0015404
6.52 s: -0.00102543
6.73 s: 0.0011715
6.94 s: 0.00132504

States aimed at:
6.1 s: 0.00096277, 0.00270943, 3.14203, 3.14219, -0.242415, -0.00293998, 7.65184e-007, 
6.2 s: 0.00197472, 0.000812936, 3.14218, 3.14237, -0.242687, -0.00249307, 1.42151e-006, 
6.31 s: 0.000429893, -0.00038829, 3.14231, 3.14239, -0.242943, -0.00216046, 2.00639e-006, 
6.52 s: -0.000563469, -0.000741961, 3.1423, 3.14227, -0.243263, -0.000885138, 2.36595e-006, 
6.73 s: -0.000536173, -0.000262019, 3.14218, 3.14216, -0.243302, 0.000507368, 2.62046e-006, 
6.94 s: -0.000569583, -0.000387092, 3.14207, 3.1421, -0.243083, 0.00158411, 2.94892e-006, 

Detailed control signals:
6 s: -0.00224923

Real condition: 
6 s: 0.0020997, 0.00407592, 3.14172, 3.14188, -0.242142, -0.00290473, 0, 
6.1 s: 0.00096277, 0.00270943, 3.14203, 3.14219, -0.242415, -0.00293998, 7.65184e-007, 

Unchangeable control signals:
6.1 s: -0.00220575
6.2 s: -0.00287425

Expected States:
6.1 s: 0.00096277, 0.00270943, 3.14203, 3.14219, -0.242415, -0.00293998, 0, 
6.2 s: 1.16127e-005, 0.00141998, 3.14223, 3.14237, -0.242679, -0.00268955, 6.48882e-007, 

Optimal control:
6.2 s: -0.00196494
6.3 s: -0.00231694
6.41 s: -0.00105966
6.62 s: -0.000506522
6.83 s: 0.00115433
7.04 s: 0.0009532

States aimed at:
6.2 s: 1.16127e-005, 0.00141998, 3.14223, 3.14237, -0.242679, -0.00268955, 6.48882e-007, 
6.3 s: 0.00095915, -0.000193419, 3.14228, 3.14243, -0.242918, -0.00207658, 1.11034e-006, 
6.41 s: -0.000376326, -0.00107714, 3.14231, 3.14236, -0.243121, -0.00162462, 1.46735e-006, 
6.62 s: -0.00102059, -0.00111474, 3.14216, 3.14213, -0.243334, -0.00040164, 1.6122e-006, 
6.83 s: -0.000862054, -0.000594124, 3.14197, 3.14195, -0.243308, 0.000652783, 1.77904e-006, 
7.04 s: -0.000816776, -0.000688958, 3.14179, 3.14181, -0.243109, 0.00123552, 2.01436e-006, 

Detailed control signals:
6.1 s: -0.00220575

Real condition: 
6.1 s: 0.00096277, 0.00270943, 3.14203, 3.14219, -0.242415, -0.00293998, 0, 
6.2 s: 1.16127e-005, 0.00141998, 3.14223, 3.14237, -0.242679, -0.00268955, 6.48882e-007, 

Unchangeable control signals:
6.2 s: -0.00196494
6.3 s: -0.00231694

Expected States:
6.2 s: 1.16127e-005, 0.00141998, 3.14223, 3.14237, -0.242679, -0.00268955, 0, 
6.3 s: -0.000709264, 0.000310416, 3.14232, 3.14243, -0.242911, -0.00224656, 4.59395e-007, 

Optimal control:
6.3 s: -0.00159751
6.4 s: -0.00167688
6.51 s: -0.000596038
6.72 s: -6.61726e-005
6.93 s: 0.00103253
7.14 s: 0.000582044

States aimed at:
6.3 s: -0.000709264, 0.000310416, 3.14232, 3.14243, -0.242911, -0.00224656, 4.59395e-007, 
6.4 s: 0.000100298, -0.000936654, 3.14229, 3.1424, -0.243102, -0.00156571, 7.27594e-007, 
6.51 s: -0.000950855, -0.00149679, 3.14224, 3.14226, -0.243246, -0.00106605, 9.01789e-007, 
6.72 s: -0.00127019, -0.00129164, 3.14201, 3.14197, -0.243358, 2.03804e-006, 9.39552e-007, 
6.93 s: -0.00102728, -0.000789305, 3.14177, 3.14175, -0.243284, 0.000701275, 1.05195e-006, 
7.14 s: -0.000926743, -0.000852333, 3.14156, 3.14158, -0.243121, 0.000855343, 1.19947e-006, 

Detailed control signals:
6.2 s: -0.00196494

Real condition: 
6.2 s: 1.16127e-005, 0.00141998, 3.14223, 3.14237, -0.242679, -0.00268955, 0, 
6.3 s: -0.000709264, 0.000310416, 3.14232, 3.14243, -0.242911, -0.00224656, 4.59395e-007, 

Unchangeable control signals:
6.3 s: -0.00159751
6.4 s: -0.00167688

Expected States:
6.3 s: -0.000709264, 0.000310416, 3.14232, 3.14243, -0.242911, -0.00224656, 0, 
6.4 s: -0.0011879, -0.000558394, 3.14232, 3.1424, -0.243096, -0.00169962, 2.68094e-007, 

Optimal control:
6.4 s: -0.00116892
6.5 s: -0.00103454
6.61 s: -0.000189071
6.82 s: 0.000273219
7.03 s: 0.000843053
7.24 s: 0.000246384

States aimed at:
6.4 s: -0.0011879, -0.000558394, 3.14232, 3.1424, -0.243096, -0.00169962, 2.68094e-007, 
6.5 s: -0.000558988, -0.00141071, 3.14223, 3.1423, -0.243233, -0.00103159, 3.89927e-007, 
6.61 s: -0.0012959, -0.00167319, 3.14213, 3.14213, -0.243319, -0.000542954, 4.50758e-007, 
6.82 s: -0.00133926, -0.00130367, 3.14185, 3.14182, -0.243344, 0.000307259, 4.6235e-007, 
7.03 s: -0.00105538, -0.000862499, 3.1416, 3.14159, -0.243241, 0.000671855, 5.44815e-007, 
7.24 s: -0.000922524, -0.000895531, 3.14139, 3.1414, -0.24312, 0.000487089, 6.25817e-007, 

Detailed control signals:
6.3 s: -0.00159751

Real condition: 
6.3 s: -0.000709264, 0.000310416, 3.14232, 3.14243, -0.242911, -0.00224656, 0, 
6.4 s: -0.0011879, -0.000558394, 3.14232, 3.1424, -0.243096, -0.00169962, 2.68094e-007, 

Unchangeable control signals:
6.4 s: -0.00116892
6.5 s: -0.00103454

Expected States:
6.4 s: -0.0011879, -0.000558394, 3.14232, 3.1424, -0.243096, -0.00169962, 0, 
6.5 s: -0.0014381, -0.00116311, 3.14225, 3.1423, -0.243229, -0.00112559, 1.21532e-007, 

Optimal control:
6.5 s: -0.000734447
6.6 s: -0.000451029
6.71 s: 0.000136651
6.92 s: 0.000504221
7.13 s: 0.000620213
7.34 s: -3.0775e-005

States aimed at:
6.5 s: -0.0014381, -0.00116311, 3.14225, 3.1423, -0.243229, -0.00112559, 1.21532e-007, 
6.6 s: -0.00100511, -0.00163639, 3.14212, 3.14216, -0.243312, -0.000530233, 1.21533e-007, 
6.71 s: -0.00143478, -0.0016489, 3.14199, 3.14197, -0.243346, -9.60048e-005, 1.21533e-007, 
6.92 s: -0.00126521, -0.00118982, 3.14171, 3.14168, -0.243303, 0.000509209, 1.21533e-007, 
7.13 s: -0.000977098, -0.000836507, 3.14147, 3.14146, -0.243188, 0.000586255, 1.21534e-007, 
7.34 s: -0.000832318, -0.000843738, 3.14128, 3.14129, -0.243109, 0.00016258, 1.21534e-007, 

Detailed control signals:
6.4 s: -0.00116892

Real condition: 
6.4 s: -0.0011879, -0.000558394, 3.14232, 3.1424, -0.243096, -0.00169962, 0, 
6.5 s: -0.0014381, -0.00116311, 3.14225, 3.1423, -0.243229, -0.00112559, 1.21532e-007, 

Unchangeable control signals:
6.5 s: -0.000734447
6.6 s: -0.000451029

Expected States:
6.5 s: -0.0014381, -0.00116311, 3.14225, 3.1423, -0.243229, -0.00112559, 0, 
6.6 s: -0.00149182, -0.00151097, 3.14213, 3.14215, -0.24331, -0.000585176, 3.58033e-008, 

Optimal control:
6.6 s: -0.000336503
6.7 s: 3.29541e-005
6.81 s: 0.000370203
7.02 s: 0.000631449
7.23 s: 0.000393166
7.44 s: -0.000237536

States aimed at:
6.6 s: -0.00149182, -0.00151097, 3.14213, 3.14215, -0.24331, -0.000585176, 3.58033e-008, 
6.7 s: -0.0012479, -0.00165282, 3.142, 3.142, -0.243344, -0.000100931, 3.58033e-008, 
6.81 s: -0.00140456, -0.00147504, 3.14185, 3.14182, -0.243336, 0.000251199, 3.58033e-008, 
7.02 s: -0.00108988, -0.000991506, 3.14159, 3.14156, -0.243245, 0.000613987, 3.58033e-008, 
7.23 s: -0.000825725, -0.000737941, 3.14139, 3.14138, -0.243131, 0.000466225, 3.58033e-008, 
7.44 s: -0.000685571, -0.000724961, 3.14123, 3.14123, -0.243093, -9.82398e-005, 3.58033e-008, 

Detailed control signals:
6.5 s: -0.000734447

Real condition: 
6.5 s: -0.0014381, -0.00116311, 3.14225, 3.1423, -0.243229, -0.00112559, 0, 
6.6 s: -0.00149182, -0.00151097, 3.14213, 3.14215, -0.24331, -0.000585176, 3.58033e-008, 

Unchangeable control signals:
6.6 s: -0.000336503
6.7 s: 3.29541e-005

Expected States:
6.6 s: -0.00149182, -0.00151097, 3.14213, 3.14215, -0.24331, -0.000585176, 0, 
6.7 s: -0.00139189, -0.00163168, 3.142, 3.14199, -0.243343, -0.000121149, 3.44103e-009, 

Optimal control:
6.7 s: -3.69693e-006
6.8 s: 0.000396004
6.91 s: 0.000511982
7.12 s: 0.000668159
7.33 s: 0.000184314
7.54 s: -0.000371563

States aimed at:
6.7 s: -0.00139189, -0.00163168, 3.142, 3.14199, -0.243343, -0.000121149, 3.44103e-009, 
6.8 s: -0.00131387, -0.00150946, 3.14186, 3.14184, -0.243338, 0.000233381, 3.44103e-009, 
6.91 s: -0.00124926, -0.00120445, 3.14172, 3.14169, -0.243298, 0.000490183, 3.44103e-009, 
7.12 s: -0.000854451, -0.000747931, 3.1415, 3.14148, -0.24318, 0.000635357, 3.44103e-009, 
7.33 s: -0.000633302, -0.00059374, 3.14134, 3.14134, -0.243078, 0.000331451, 3.44103e-009, 
7.54 s: -0.000509878, -0.000566726, 3.14122, 3.14122, -0.243073, -0.000286302, 3.44103e-009, 

Detailed control signals:
6.6 s: -0.000336503

Real condition: 
6.6 s: -0.00149182, -0.00151097, 3.14213, 3.14215, -0.24331, -0.000585176, 0, 
6.7 s: -0.00139189, -0.00163168, 3.142, 3.14199, -0.243343, -0.000121149, 3.44103e-009, 

Unchangeable control signals:
6.7 s: -3.69693e-006
6.8 s: 0.000396004

Expected States:
6.7 s: -0.00139189, -0.00163168, 3.142, 3.14199, -0.243343, -0.000121149, 0, 
6.8 s: -0.00118502, -0.0015692, 3.14185, 3.14183, -0.243338, 0.000241336, 5.17895e-009, 

Optimal control:
6.8 s: 0.000248434
6.9 s: 0.000633321
7.01 s: 0.000570965
7.22 s: 0.000632918
7.43 s: 8.92254e-006
7.64 s: -0.000437919

States aimed at:
6.8 s: -0.00118502, -0.0015692, 3.14185, 3.14183, -0.243338, 0.000241336, 5.17895e-009, 
6.9 s: -0.00123991, -0.00125869, 3.14173, 3.14169, -0.243303, 0.000464293, 5.17895e-009, 
7.01 s: -0.00101398, -0.000886151, 3.14161, 3.14157, -0.243243, 0.000624761, 5.17895e-009, 
7.22 s: -0.000595744, -0.000493086, 3.14144, 3.14143, -0.243115, 0.000591607, 5.17895e-009, 
7.43 s: -0.000427969, -0.000428632, 3.14133, 3.14133, -0.243032, 0.000198225, 5.17895e-009, 
7.64 s: -0.000328848, -0.00039355, 3.14125, 3.14125, -0.243053, -0.000401579, 5.17895e-009, 

Detailed control signals:
6.7 s: -3.69693e-006

Real condition: 
6.7 s: -0.00139189, -0.00163168, 3.142, 3.14199, -0.243343, -0.000121149, 0, 
6.8 s: -0.00118502, -0.0015692, 3.14185, 3.14183, -0.243338, 0.000241336, 5.17895e-009, 

Unchangeable control signals:
6.8 s: 0.000248434
6.9 s: 0.000633321

Expected States:
6.8 s: -0.00118502, -0.0015692, 3.14185, 3.14183, -0.243338, 0.000241336, 0, 
6.9 s: -0.000916798, -0.00137398, 3.14172, 3.14169, -0.243304, 0.000492813, 2.06718e-008, 

Optimal control:
6.9 s: 0.000415755
7 s: 0.000753138
7.11 s: 0.000561745
7.32 s: 0.000546563
7.53 s: -0.000124616
7.74 s: -0.000446817

States aimed at:
6.9 s: -0.000916798, -0.00137398, 3.14172, 3.14169, -0.243304, 0.000492813, 2.06718e-008, 
7 s: -0.00106704, -0.000950267, 3.14162, 3.14157, -0.243249, 0.000595205, 2.06718e-008, 
7.11 s: -0.000740351, -0.000561751, 3.14152, 3.14149, -0.24318, 0.000667659, 2.06718e-008, 
7.32 s: -0.000343814, -0.000253757, 3.14141, 3.14141, -0.243057, 0.000502712, 2.06718e-008, 
7.53 s: -0.000232243, -0.000263279, 3.14135, 3.14135, -0.242996, 7.87332e-005, 2.06718e-008, 
7.74 s: -0.000160855, -0.000225398, 3.14131, 3.1413, -0.243035, -0.000450918, 2.06718e-008, 

Detailed control signals:
6.8 s: 0.000248434

Real condition: 
6.8 s: -0.00118502, -0.0015692, 3.14185, 3.14183, -0.243338, 0.000241336, 0, 
6.9 s: -0.000916798, -0.00137398, 3.14172, 3.14169, -0.243304, 0.000492813, 2.06718e-008, 

Unchangeable control signals:
6.9 s: 0.000415755
7 s: 0.000753138

Expected States:
6.9 s: -0.000916798, -0.00137398, 3.14172, 3.14169, -0.243304, 0.000492813, 0, 
7 s: -0.000627438, -0.00109672, 3.14161, 3.14157, -0.243251, 0.000636593, 3.51064e-008, 

Optimal control:
7 s: 0.000503137
7.1 s: 0.00077276
7.21 s: 0.000501791
7.42 s: 0.000429677
7.63 s: -0.000213896
7.84 s: -0.000411405

States aimed at:
7 s: -0.000627438, -0.00109672, 3.14161, 3.14157, -0.243251, 0.000636593, 3.51064e-008, 
7.1 s: -0.000835627, -0.0006273, 3.14154, 3.14149, -0.243187, 0.000638116, 3.51064e-008, 
7.21 s: -0.000463501, -0.000263328, 3.14147, 3.14144, -0.243117, 0.000637146, 3.51064e-008, 
7.42 s: -0.00012077, -4.87424e-005, 3.1414, 3.14141, -0.243009, 0.000388042, 3.51064e-008, 
7.63 s: -6.22449e-005, -0.000113333, 3.14138, 3.14139, -0.242971, -1.90994e-005, 3.51064e-008, 
7.84 s: -1.85718e-005, -7.6907e-005, 3.14138, 3.14137, -0.24302, -0.000445717, 3.51064e-008, 

Detailed control signals:
6.9 s: 0.000415755

Real condition: 
6.9 s: -0.000916798, -0.00137398, 3.14172, 3.14169, -0.243304, 0.000492813, 0, 
7 s: -0.000627438, -0.00109672, 3.14161, 3.14157, -0.243251, 0.000636593, 3.51064e-008, 

Unchangeable control signals:
7 s: 0.000503137
7.1 s: 0.00077276

Expected States:
7 s: -0.000627438, -0.00109672, 3.14161, 3.14157, -0.243251, 0.000636593, 0, 
7.1 s: -0.000349352, -0.000783507, 3.14152, 3.14149, -0.243189, 0.000685336, 4.13036e-008, 

Optimal control:
7.1 s: 0.000521798
7.2 s: 0.000714724
7.31 s: 0.000409105
7.52 s: 0.000300715
7.73 s: -0.000261272
7.94 s: -0.000345809

States aimed at:
7.1 s: -0.000349352, -0.000783507, 3.14152, 3.14149, -0.243189, 0.000685336, 4.13036e-008, 
7.2 s: -0.000581732, -0.000323781, 3.14148, 3.14143, -0.243124, 0.0006104, 4.13036e-008, 
7.31 s: -0.00021032, -1.27044e-005, 3.14143, 3.14141, -0.24306, 0.000553969, 4.13036e-008, 
7.52 s: 5.93815e-005, 0.000110975, 3.14142, 3.14142, -0.242974, 0.000264684, 4.13036e-008, 
7.73 s: 7.22535e-005, 1.08138e-005, 3.14143, 3.14144, -0.242956, -9.13185e-005, 4.13036e-008, 
7.94 s: 9.08379e-005, 4.2702e-005, 3.14145, 3.14144, -0.243008, -0.000399742, 4.13036e-008, 

Detailed control signals:
7 s: 0.000503137

Real condition: 
7 s: -0.000627438, -0.00109672, 3.14161, 3.14157, -0.243251, 0.000636593, 0, 
7.1 s: -0.000349352, -0.000783507, 3.14152, 3.14149, -0.243189, 0.000685336, 4.13036e-008, 

Unchangeable control signals:
7.1 s: 0.000521798
7.2 s: 0.000714724

Expected States:
7.1 s: -0.000349352, -0.000783507, 3.14152, 3.14149, -0.243189, 0.000685336, 0, 
7.2 s: -0.000106009, -0.000472638, 3.14146, 3.14143, -0.243126, 0.000657578, 3.85348e-008, 

Optimal control:
7.2 s: 0.000486705
7.3 s: 0.000603405
7.41 s: 0.000300393
7.62 s: 0.000174779
7.83 s: -0.000272475
8.04 s: -0.000263561

States aimed at:
7.2 s: -0.000106009, -0.000472638, 3.14146, 3.14143, -0.243126, 0.000657578, 3.85348e-008, 
7.3 s: -0.000334769, -6.36012e-005, 3.14144, 3.1414, -0.243067, 0.000531861, 3.85348e-008, 
7.41 s: 1.07594e-006, 0.000178118, 3.14142, 3.14141, -0.243013, 0.000438789, 3.85348e-008, 
7.62 s: 0.000190089, 0.000221358, 3.14144, 3.14145, -0.242952, 0.000146386, 3.85348e-008, 
7.83 s: 0.000167208, 0.000103731, 3.14148, 3.14149, -0.242951, -0.000137348, 3.85348e-008, 
8.04 s: 0.000165056, 0.000129178, 3.14152, 3.14151, -0.243, -0.000327254, 3.85348e-008, 

Detailed control signals:
7.1 s: 0.000521798

Real condition: 
7.1 s: -0.000349352, -0.000783507, 3.14152, 3.14149, -0.243189, 0.000685336, 0, 
7.2 s: -0.000106009, -0.000472638, 3.14146, 3.14143, -0.243126, 0.000657578, 3.85348e-008, 

Unchangeable control signals:
7.2 s: 0.000486705
7.3 s: 0.000603405

Expected States:
7.2 s: -0.000106009, -0.000472638, 3.14146, 3.14143, -0.243126, 0.000657578, 0, 
7.3 s: 8.81016e-005, -0.000192857, 3.14143, 3.1414, -0.243068, 0.000574558, 2.9822e-008, 

Optimal control:
7.3 s: 0.000414251
7.4 s: 0.00046227
7.51 s: 0.000189809
7.72 s: 6.30087e-005
7.93 s: -0.000255253
8.14 s: -0.000176472

States aimed at:
7.3 s: 8.81016e-005, -0.000192857, 3.14143, 3.1414, -0.243068, 0.000574558, 2.9822e-008, 
7.4 s: -0.000116341, 0.000139252, 3.14143, 3.1414, -0.243019, 0.000422276, 2.9822e-008, 
7.51 s: 0.000160921, 0.0003057, 3.14143, 3.14143, -0.242978, 0.000310259, 2.9822e-008, 
7.72 s: 0.00027106, 0.000284001, 3.14148, 3.14149, -0.242941, 4.30735e-005, 2.9822e-008, 
7.93 s: 0.000223286, 0.000164256, 3.14153, 3.14153, -0.242953, -0.000159221, 2.9822e-008, 
8.14 s: 0.000205648, 0.000182428, 3.14158, 3.14157, -0.242995, -0.000241542, 2.9822e-008, 

Detailed control signals:
7.2 s: 0.000486705

Real condition: 
7.2 s: -0.000106009, -0.000472638, 3.14146, 3.14143, -0.243126, 0.000657578, 0, 
7.3 s: 8.81016e-005, -0.000192857, 3.14143, 3.1414, -0.243068, 0.000574558, 2.9822e-008, 

Unchangeable control signals:
7.3 s: 0.000414251
7.4 s: 0.00046227

Expected States:
7.3 s: 8.81016e-005, -0.000192857, 3.14143, 3.1414, -0.243068, 0.000574558, 0, 
7.4 s: 0.000226657, 3.7018e-005, 3.14142, 3.1414, -0.24302, 0.000457555, 1.92264e-008, 

Optimal control:
7.4 s: 0.000320361
7.5 s: 0.000311886
7.61 s: 8.82367e-005
7.82 s: -2.75025e-005
8.03 s: -0.000218149
8.24 s: -9.39341e-005

States aimed at:
7.4 s: 0.000226657, 3.7018e-005, 3.14142, 3.1414, -0.24302, 0.000457555, 1.92264e-008, 
7.5 s: 5.98985e-005, 0.000279602, 3.14144, 3.14142, -0.242982, 0.000299535, 1.92264e-008, 
7.61 s: 0.000266686, 0.0003734, 3.14146, 3.14145, -0.242956, 0.000183748, 1.92264e-008, 
7.82 s: 0.000306763, 0.000304618, 3.14152, 3.14152, -0.24294, -3.91582e-005, 1.92264e-008, 
8.03 s: 0.000244662, 0.000194564, 3.14157, 3.14158, -0.242961, -0.000160754, 1.92264e-008, 
8.24 s: 0.000216969, 0.000205516, 3.14162, 3.14162, -0.242994, -0.000153909, 1.92264e-008, 

Detailed control signals:
7.3 s: 0.000414251

Real condition: 
7.3 s: 8.81016e-005, -0.000192857, 3.14143, 3.1414, -0.243068, 0.000574558, 0, 
7.4 s: 0.000226657, 3.7018e-005, 3.14142, 3.1414, -0.24302, 0.000457555, 1.92264e-008, 

Unchangeable control signals:
7.4 s: 0.000320361
7.5 s: 0.000311886

Expected States:
7.4 s: 0.000226657, 3.7018e-005, 3.14142, 3.1414, -0.24302, 0.000457555, 0, 
7.5 s: 0.000310113, 0.000207454, 3.14143, 3.14142, -0.242983, 0.000325874, 9.99401e-009, 

Optimal control:
7.5 s: 0.000219109
7.6 s: 0.000168687
7.71 s: 3.0628e-006
7.92 s: -9.33926e-005
8.13 s: -0.000169501
8.34 s: -2.26232e-005

States aimed at:
7.5 s: 0.000310113, 0.000207454, 3.14143, 3.14142, -0.242983, 0.000325874, 9.99401e-009, 
7.6 s: 0.000187596, 0.000359424, 3.14146, 3.14145, -0.242958, 0.000178417, 9.99401e-009, 
7.71 s: 0.000321561, 0.000389409, 3.14148, 3.14149, -0.242944, 7.0697e-005, 9.99401e-009, 
7.92 s: 0.000304847, 0.00029149, 3.14155, 3.14156, -0.242947, -9.76843e-005, 9.99401e-009, 
8.13 s: 0.000237763, 0.000199148, 3.14161, 3.14161, -0.242973, -0.000146753, 9.99401e-009, 
8.34 s: 0.000205074, 0.000203606, 3.14165, 3.14165, -0.242996, -7.30871e-005, 9.99401e-009, 

Detailed control signals:
7.4 s: 0.000320361

Real condition: 
7.4 s: 0.000226657, 3.7018e-005, 3.14142, 3.1414, -0.24302, 0.000457555, 0, 
7.5 s: 0.000310113, 0.000207454, 3.14143, 3.14142, -0.242983, 0.000325874, 9.99401e-009, 

Unchangeable control signals:
7.5 s: 0.000219109
7.6 s: 0.000168687

Expected States:
7.5 s: 0.000310113, 0.000207454, 3.14143, 3.14142, -0.242983, 0.000325874, 0, 
7.6 s: 0.000344009, 0.000316845, 3.14145, 3.14145, -0.242959, 0.000195508, 3.78082e-009, 

Optimal control:
7.6 s: 0.000121834
7.7 s: 4.44287e-005
7.81 s: -6.16715e-005
8.02 s: -0.00013444
8.23 s: -0.000116707
8.44 s: 3.34672e-005

States aimed at:
7.6 s: 0.000344009, 0.000316845, 3.14145, 3.14145, -0.242959, 0.000195508, 3.78082e-009, 
7.7 s: 0.000266524, 0.000385922, 3.14148, 3.14148, -0.242945, 6.99488e-005, 3.78082e-009, 
7.81 s: 0.000332754, 0.000364798, 3.14152, 3.14152, -0.242943, -2.15086e-005, 3.78082e-009, 
8.02 s: 0.00027465, 0.000254069, 3.14158, 3.14159, -0.242959, -0.000132755, 3.78082e-009, 
8.23 s: 0.000210123, 0.000183839, 3.14163, 3.14163, -0.242986, -0.00012232, 3.78082e-009, 
8.44 s: 0.000176736, 0.000182961, 3.14167, 3.14167, -0.242999, -5.04129e-006, 3.78082e-009, 

Detailed control signals:
7.5 s: 0.000219109

Real condition: 
7.5 s: 0.000310113, 0.000207454, 3.14143, 3.14142, -0.242983, 0.000325874, 0, 
7.6 s: 0.000344009, 0.000316845, 3.14145, 3.14145, -0.242959, 0.000195508, 3.78082e-009, 

Unchangeable control signals:
7.6 s: 0.000121834
7.7 s: 4.44287e-005

Expected States:
7.6 s: 0.000344009, 0.000316845, 3.14145, 3.14145, -0.242959, 0.000195508, 0, 
7.7 s: 0.000337212, 0.000369732, 3.14148, 3.14148, -0.242946, 7.84302e-005, 7.41015e-010, 

Optimal control:
7.7 s: 3.67432e-005
7.8 s: -5.37793e-005
7.91 s: -0.000104836
8.12 s: -0.000152819
8.33 s: -6.57546e-005
8.54 s: 7.27516e-005

States aimed at:
7.7 s: 0.000337212, 0.000369732, 3.14148, 3.14148, -0.242946, 7.84302e-005, 7.41015e-010, 
7.8 s: 0.000301108, 0.000369576, 3.14152, 3.14152, -0.242943, -1.87188e-005, 7.41015e-010, 
7.91 s: 0.000309843, 0.000311773, 3.14155, 3.14156, -0.242949, -8.92462e-005, 7.41015e-010, 
8.12 s: 0.000225901, 0.000201797, 3.14161, 3.14161, -0.242973, -0.000146771, 7.41015e-010, 
8.33 s: 0.000169395, 0.000154919, 3.14165, 3.14165, -0.242999, -9.22974e-005, 7.41015e-010, 
8.54 s: 0.000138629, 0.000150087, 3.14168, 3.14168, -0.243003, 4.69205e-005, 7.41015e-010, 

Detailed control signals:
7.6 s: 0.000121834

Real condition: 
7.6 s: 0.000344009, 0.000316845, 3.14145, 3.14145, -0.242959, 0.000195508, 0, 
7.7 s: 0.000337212, 0.000369732, 3.14148, 3.14148, -0.242946, 7.84302e-005, 7.41015e-010, 

Unchangeable control signals:
7.7 s: 3.67432e-005
7.8 s: -5.37793e-005

Expected States:
7.7 s: 0.000337212, 0.000369732, 3.14148, 3.14148, -0.242946, 7.84302e-005, 0, 
7.8 s: 0.000300266, 0.00037488, 3.14152, 3.14152, -0.242943, -1.75515e-005, 7.55418e-011, 

Optimal control:
7.8 s: -3.11049e-005
7.9 s: -0.000123015
8.01 s: -0.000127609
8.22 s: -0.000152315
8.43 s: -2.10014e-005
8.64 s: 9.56152e-005

States aimed at:
7.8 s: 0.000300266, 0.00037488, 3.14152, 3.14152, -0.242943, -1.75515e-005, 7.55418e-011, 
7.9 s: 0.000298879, 0.000322354, 3.14155, 3.14155, -0.242948, -8.40426e-005, 7.55418e-011, 
8.01 s: 0.000263288, 0.000242252, 3.14158, 3.14158, -0.24296, -0.000132083, 7.55418e-011, 
8.22 s: 0.000167714, 0.000143216, 3.14162, 3.14163, -0.242989, -0.000143535, 7.55418e-011, 
8.43 s: 0.000122605, 0.000118429, 3.14165, 3.14165, -0.24301, -6.08773e-005, 7.55418e-011, 
8.64 s: 9.67228e-005, 0.00011106, 3.14168, 3.14168, -0.243008, 8.18121e-005, 7.55418e-011, 

Detailed control signals:
7.7 s: 3.67432e-005

Real condition: 
7.7 s: 0.000337212, 0.000369732, 3.14148, 3.14148, -0.242946, 7.84302e-005, 0, 
7.8 s: 0.000300266, 0.00037488, 3.14152, 3.14152, -0.242943, -1.75515e-005, 7.55418e-011, 

Unchangeable control signals:
7.8 s: -3.11049e-005
7.9 s: -0.000123015

Expected States:
7.8 s: 0.000300266, 0.00037488, 3.14152, 3.14152, -0.242943, -1.75515e-005, 0, 
7.9 s: 0.000243994, 0.000343421, 3.14155, 3.14155, -0.242948, -8.85195e-005, 6.64223e-010, 

Optimal control:
7.9 s: -7.95077e-005
8 s: -0.000163801
8.11 s: -0.000132806
8.32 s: -0.000137569
8.53 s: 1.48411e-005
8.74 s: 0.000103898

States aimed at:
7.9 s: 0.000243994, 0.000343421, 3.14155, 3.14155, -0.242948, -8.85195e-005, 6.64223e-010, 
8 s: 0.000269006, 0.000256225, 3.14157, 3.14158, -0.242958, -0.000125543, 6.64223e-010, 
8.11 s: 0.000203234, 0.000166804, 3.1416, 3.14161, -0.242974, -0.000152038, 6.64223e-010, 
8.32 s: 0.000107872, 8.53866e-005, 3.14163, 3.14163, -0.243003, -0.000127551, 6.64223e-010, 
8.53 s: 7.56411e-005, 7.96521e-005, 3.14165, 3.14165, -0.24302, -3.13628e-005, 6.64223e-010, 
8.74 s: 5.58949e-005, 7.10592e-005, 3.14167, 3.14167, -0.243012, 0.000100497, 6.64223e-010, 

Detailed control signals:
7.8 s: -3.11049e-005

Real condition: 
7.8 s: 0.000300266, 0.00037488, 3.14152, 3.14152, -0.242943, -1.75515e-005, 0, 
7.9 s: 0.000243994, 0.000343421, 3.14155, 3.14155, -0.242948, -8.85195e-005, 6.64223e-010, 

Unchangeable control signals:
7.9 s: -7.95077e-005
8 s: -0.000163801

Expected States:
7.9 s: 0.000243994, 0.000343421, 3.14155, 3.14155, -0.242948, -8.85195e-005, 0, 
8 s: 0.000178407, 0.000287232, 3.14158, 3.14158, -0.242958, -0.000133869, 1.53919e-009, 

Optimal control:
8 s: -0.000108633
8.1 s: -0.000179214
8.21 s: -0.000124214
8.42 s: -0.000113439
8.63 s: 4.05612e-005
8.84 s: 0.000100367

States aimed at:
8 s: 0.000178407, 0.000287232, 3.14158, 3.14158, -0.242958, -0.000133869, 1.53919e-009, 
8.1 s: 0.000221036, 0.000182027, 3.1416, 3.14161, -0.242972, -0.000145105, 1.53919e-009, 
8.21 s: 0.000138629, 9.39879e-005, 3.14162, 3.14162, -0.242988, -0.0001528, 1.53919e-009, 
8.42 s: 5.2421e-005, 3.35794e-005, 3.14164, 3.14164, -0.243015, -0.000103428, 1.53919e-009, 
8.63 s: 3.2974e-005, 4.28016e-005, 3.14165, 3.14164, -0.243027, -6.07355e-006, 1.53919e-009, 
8.84 s: 1.97326e-005, 3.40925e-005, 3.14165, 3.14165, -0.243016, 0.000105158, 1.53919e-009, 

Detailed control signals:
7.9 s: -7.95077e-005

Real condition: 
7.9 s: 0.000243994, 0.000343421, 3.14155, 3.14155, -0.242948, -8.85195e-005, 0, 
8 s: 0.000178407, 0.000287232, 3.14158, 3.14158, -0.242958, -0.000133869, 1.53919e-009, 

