0.000, 0.035, 0.185, 0.285, 0.435, 0.535
3.7908, 1.06692
3.588, 0.969965
3.5942, 1e+020
3.6972, 0.906993
1.2574, 1e+020
3.379, 1e+020
3.7534, 0.923938
3.7346, 1.02338
3.7442, 1.02657
1.1388, 1e+020
3.7158, 0.936905
4.053, 0.993773
3.8002, 0.956843
3.616, 1e+020
0.621, 1e+020
1.9062, 1e+020
1.7754, 1e+020
3.7378, 1.0759
1.663, 1e+020
0.1278, 1e+020
1.6598, 1e+020
2.858, 1e+020
3.663, 0.991722
0.3462, 1e+020
3.7128, 0.991306
3.8814, 1.15109
0.128, 1e+020
0.131, 1e+020
3.4662, 1e+020
3.5788, 1e+020
1.1262, 1e+020
0.3588, 1e+020
0.3776, 1e+020
2.1248, 1e+020
4.1028, 1.32426
1.5756, 1e+020
3.928, 1.04651
1.1856, 1e+020
1.4664, 1e+020
1.8878, 1e+020
0.3836, 1e+020
1.0952, 1e+020
0.6208, 1e+020
0.5056, 1e+020
1.0638, 1e+020
2.7488, 1e+020
0.3838, 1e+020
1.067, 1e+020
0.3806, 1e+020
3.7534, 0.936746
3.691, 0.9078
3.6068, 0.987399
4.059, 1.081
3.7846, 0.981113
3.8222, 0.987516
0.131, 1e+020
2.758, 1e+020
3.6192, 0.981992
3.822, 1.19357
0.9018, 1e+020
4.162, 1.15578
2.5648, 1e+020
0.131, 1e+020
3.5068, 0.977659
3.7784, 0.997063
0.3464, 1e+020
3.9124, 1.12563
1.9844, 1e+020
4.1746, 1.16248
4.0248, 1.01959
3.6224, 0.905899
1.744, 1e+020
2.4866, 1e+020
3.5944, 0.981544
3.535, 1e+020
4.3586, 1.38505
0.73, 1e+020
1.2138, 1e+020
2.8204, 1e+020
1.1264, 1e+020
0.6676, 1e+020
4.0248, 1.18874
3.0452, 1e+020
0.131, 1e+020
3.5194, 1e+020
1.1732, 1e+020
3.7846, 1.06719
0.3868, 1e+020
2.4524, 1e+020
1.0452, 1e+020
4.4616, 1.37124
2.8516, 1e+020
0.4588, 1e+020
3.8468, 1.14615
4.1122, 1.15996
2.468, 1e+020
1.2386, 1e+020
2.7082, 1e+020
3.6786, 0.908924
3.9998, 0.910405
0.8674, 1e+020
4.1308, 0.958112
3.9532, 0.894021
3.7502, 0.920702
0.8642, 1e+020
3.7098, 0.954873
2.7018, 1e+020
3.7504, 0.996885
3.7096, 0.99949
3.9686, 1.0492
0.8956, 1e+020
0.131, 1e+020
3.772, 1.00054
3.7816, 1e+020
3.694, 0.956474
0.5772, 1e+020
3.7534, 0.997402
1.4478, 1e+020
3.9842, 1.00083
3.1948, 1e+020
3.6724, 0.921003
3.694, 0.934504
3.5506, 1e+020
0.6522, 1e+020
3.4008, 1e+020
3.3196, 1e+020
3.7846, 0.93987
2.1402, 1e+020
3.8128, 1.0001
3.532, 1e+020
1.9374, 1e+020
4.4524, 1.28062
1.3572, 1e+020
3.9094, 1.02294
0.6176, 1e+020
2.153, 1e+020
1.1668, 1e+020
1.1108, 1e+020
4.0716, 1.44342
3.5006, 1e+020
3.897, 0.945947
4.1808, 1.35278
0.4086, 1e+020
1.2356, 1e+020
1.925, 1e+020
0.3776, 1e+020
0.9142, 1e+020
3.8406, 0.973149
4.287, 1.14036
0.1248, 1e+020
3.5692, 1e+020
4.081, 1.05244
4.3462, 1.23658
3.8284, 1.01298
3.8718, 1.03809
3.6068, 1.00731
3.7284, 1.03347
3.6722, 0.982114
3.7066, 1.00219
1.9376, 1e+020
0.131, 1e+020
2.3838, 1e+020
3.8158, 1.02935
3.6972, 0.970362
3.8408, 1e+020
3.7532, 0.928866
1.2886, 1e+020
4.4866, 1.13883
3.716, 0.97045
3.5974, 0.914623
3.5006, 0.971846
3.6224, 0.99082
3.9032, 1.01957
3.8938, 1.00724
3.9312, 0.935338
3.9468, 0.9671
3.9126, 0.939972
3.6286, 0.988364
3.638, 0.923676
3.7938, 1.04091
3.4788, 0.991941
3.7754, 0.982563
3.6628, 1.02953
2.9516, 1e+020
3.9156, 1.15458
2.206, 1e+020
3.2354, 1e+020
3.7254, 0.988445
3.7034, 0.962982
4.0498, 1.37135
3.8626, 1.07976
3.9686, 1.07784
3.8594, 1.05727
3.7566, 1.03675
4.0966, 1.0212
2.8892, 1e+020
3.566, 0.89338
3.613, 0.966331
4.0218, 1.17401
3.5068, 0.974543
3.482, 0.949235
3.8688, 1.09754
0.4338, 1e+020
3.747, 1.00392
3.978, 1.06036
3.794, 1.09667
3.6972, 0.97797
4.0156, 1.1196
3.8032, 0.97919
3.7814, 1.00674
3.9626, 1.01895
3.8562, 1.04025
3.9094, 1.03723
3.9532, 1.05586
3.8968, 0.961326
3.9218, 1.12181
2.4618, 1e+020
3.4726, 1e+020
4.2588, 1.1374
3.9966, 1.06638
3.7908, 0.943134
3.6536, 0.960257
3.7628, 1.01256
3.769, 0.987453
4.187, 1.44531
3.7752, 0.990394
3.844, 1.00389
3.7314, 1.02781
3.6724, 0.926547
3.5286, 0.95154
3.9906, 0.987714
3.8782, 1.0651
1.847, 1e+020
1.195, 1e+020
1.3634, 1e+020
2.0624, 1e+020
3.8718, 1.01927
2.337, 1e+020
3.6566, 0.949434
3.638, 1.03027
2.0936, 1e+020
3.5754, 0.909758
3.3228, 1e+020
3.8534, 1e+020
1.9468, 1e+020
3.6036, 0.932477
3.8096, 1.0701
3.8096, 1.07308
3.772, 0.984276
3.8658, 1.28741
4.0872, 1.20258
4.2494, 1.29077
3.7878, 1.0408
2.652, 1e+020
4.1464, 1.35069
3.9936, 1.2251
3.9594, 1.26486
3.7222, 1.11164
4.0622, 1.32287
3.7534, 1.03431
3.7596, 1.04987
3.5506, 1.01507
3.8626, 1.03466
3.6566, 1.05677
3.8096, 1.04555
4.003, 1.27198
2.1808, 1e+020
3.7846, 1.03085
3.8846, 1.0113
3.6784, 0.965805
3.7004, 1.04542
2.8548, 1e+020
3.7876, 1.0587
3.9002, 1.33935
3.8064, 1.06813
3.691, 0.98243
3.7564, 1.02184
3.925, 1.14711
3.9812, 1.24846
3.4226, 1e+020
3.613, 0.911081
0.4056, 1e+020
4.0216, 1.35395
3.872, 1.07473
0.471, 1e+020
3.663, 0.972715
2.053, 1e+020
3.716, 1.13014
3.825, 1e+020
3.5944, 0.998174
3.644, 1.00716
4.081, 1.30451
3.9282, 1.07127
2.39, 1e+020
0.6644, 1e+020
2.309, 1e+020
0.3462, 1e+020
3.7722, 1.05857
4.0622, 1.28792
3.5568, 1.01253
3.8002, 1.1049
3.6942, 1.22194
2.0528, 1e+020
4, 1.21501
0.805, 1e+020
4.1152, 1.32475
3.9062, 1.06037
1.9344, 1e+020
4.1434, 1.40964
1.5508, 1e+020
4.2744, 1.51265
3.8782, 1.07576
0.6646, 1e+020
4.059, 1.43096
3.8908, 1.41871
3.7066, 1e+020
2.9702, 1e+020
2.7082, 1e+020
4.1402, 1.34896
4.446, 1.11521
2.7674, 1e+020
2.9642, 1e+020
3.7752, 1.00574
4.265, 1.28693
3.8844, 1.01845
2.6646, 1e+020
3.8688, 0.997912
4.315, 1.25852
3.8094, 0.996968
3.95, 1.03967
3.9812, 1.08202
3.8376, 1.11386
0.468, 1e+020
0.3588, 1e+020
3.8096, 1.0247
3.8282, 1.1157
3.5818, 1e+020
4.0124, 1.24171
4.3898, 1.64404
3.7566, 1.10215
1.3384, 1e+020
1.454, 1e+020
3.6846, 1.09417
3.8596, 0.960493
1.2418, 1e+020
3.641, 0.911019
2.3806, 1e+020
2.8422, 1e+020
1.0204, 1e+020
0.131, 1e+020
3.8532, 1.04883
3.6192, 0.890769
4.187, 1.31501
4.0124, 1.04459
4.2338, 1.08072
4.0342, 1.19733
3.8066, 0.915247
3.8624, 1.02082
1.1576, 1e+020
1.9282, 1e+020
1.9344, 1e+020
0.131, 1e+020
3.9968, 0.996663
3.9842, 1.08373
1.9188, 1e+020
2.752, 1e+020
4.0934, 1.04558
2.6582, 1e+020
3.6224, 0.960185
0.128, 1e+020
0.131, 1e+020
4.159, 1.54296
3.8718, 1.05879
3.9188, 1.15237
1.3448, 1e+020
3.9904, 1.09243
3.7098, 1.00316
0.39, 1e+020
0.3588, 1e+020
3.953, 1e+020
2.7332, 1e+020
3.5942, 1e+020
4.134, 1.28532
3.9874, 1.09966
3.8844, 0.996832
3.3322, 1e+020
0.8612, 1e+020
4.1246, 1.33891
4.2526, 1.32014
1.2916, 1e+020
1.5788, 1e+020
4.1402, 1.26571
3.6816, 1.01086
4.2588, 1.37898
3.8782, 0.907217
2.7956, 1e+020
3.7472, 0.974676
0.1278, 1e+020
0.8986, 1e+020
3.8782, 1.23158
4.0686, 1.20325
4.006, 1.19347
3.9438, 1.06328
4.0778, 1.03691
0.908, 1e+020
4.1558, 1.21492
1.9376, 1e+020
1.9438, 1e+020
3.1668, 1e+020
3.9498, 1.1964
2.6178, 1e+020
2.808, 1e+020
0.6272, 1e+020
0.3462, 1e+020
2.0748, 1e+020
3.9936, 1.12283
1.1514, 1e+020
3.8594, 1.1486
3.8906, 1.15487
1.7254, 1e+020
0.6428, 1e+020
2.9578, 1e+020
3.9468, 1.21899
0.4556, 1e+020
4.1278, 1.16237
4.084, 1.1756
2.727, 1e+020
1.2136, 1e+020
1.2792, 1e+020
0.808, 1e+020
0.3744, 1e+020
0.3744, 1e+020
4.0342, 1.32794
4.025, 1.20961
3.1136, 1e+020
1.9782, 1e+020
4.5428, 1.3682
3.6628, 1e+020
3.588, 1e+020
1.2512, 1e+020
3.8438, 1.27167
3.6536, 0.94639
4.0592, 1.1461
1.2636, 1e+020
3.7252, 0.907736
3.7628, 0.983276
4.1434, 1.10819
0.131, 1e+020
3.8346, 1.24289
0.5928, 1e+020
3.5286, 1e+020
0.128, 1e+020
0.4024, 1e+020
3.9064, 0.990431
0.131, 1e+020
3.822, 0.977844
4.1434, 1.24506
3.9248, 0.959319
3.8128, 0.963969
1.9406, 1e+020
0.9172, 1e+020
2.2278, 1e+020
0.6364, 1e+020
3.872, 1.1539
4.0778, 1.15793
0.3588, 1e+020
4.2214, 1.23843
3.9406, 1.20393
0.1312, 1e+020
3.566, 0.934236
0.7956, 1e+020
3.9406, 0.962528
3.688, 1e+020
1.0702, 1e+020
3.8812, 1.07712
3.9998, 1.39656
0.7644, 1e+020
1.3416, 1e+020
2.0282, 1e+020
4.1808, 1.31617
1.251, 1e+020
0.3744, 1e+020
2.0812, 1e+020
0.3744, 1e+020
2.8016, 1e+020
1.2824, 1e+020
2.025, 1e+020
2.1402, 1e+020
2.9142, 1e+020
2.0654, 1e+020
3.9344, 0.931255
3.772, 0.92883
3.8346, 0.904714
3.563, 0.908505
3.6878, 1.0111
2.9828, 1e+020
0.855, 1e+020
2.652, 1e+020
3.588, 0.935149
3.5568, 0.912016
4.0996, 1.29358
3.794, 1.06226
3.7378, 1.01207
4.0778, 1.01057
4.1092, 1.18409
1.457, 1e+020
0.5398, 1e+020
2.159, 1e+020
3.925, 1.02966
3.8532, 0.996116
4.028, 1.07564
3.8126, 1e+020
3.563, 0.970564
3.3104, 1e+020
3.3354, 1e+020
3.4476, 1.04151
3.8532, 0.987115
4.0716, 1.55487
4.0122, 1.32158
1.2012, 1e+020
3.9998, 1.28415
2.9422, 1e+020
3.5194, 1.15865
3.513, 1.03833
3.5818, 0.986212
1.092, 1e+020
1.6038, 1e+020
1.9812, 1e+020
1.3198, 1e+020
2.9358, 1e+020
3.9906, 1e+020
1.1512, 1e+020
4.3182, 1.20437
1.12, 1e+020
4.2184, 1.33652
2.4274, 1e+020
4.0248, 1.2301
1.1918, 1e+020
2.9296, 1e+020
3.9594, 0.9141
3.9686, 0.89213
3.9064, 0.915918
3.6378, 0.902628
3.7504, 0.93567
3.8344, 0.985736
3.8284, 0.904944
3.9342, 1.00925
4.0186, 1.04518
4.1902, 1.14805
1.532, 1e+020
2.3868, 1e+020
3.794, 0.949845
0.9048, 1e+020
3.897, 0.989801
3.9436, 1.01465
4.1684, 1.17421
4.0124, 1.07286
0.961, 1e+020
4.0028, 0.95747
4.1216, 0.892372
3.9126, 1e+020
3.8314, 0.980058
3.4818, 0.991258
3.7378, 1.03231
1.2886, 1e+020
0.986, 1e+020
3.6972, 1.02012
3.4726, 0.960473
3.7876, 1.00414
3.4632, 1.00504
3.5164, 0.948034
3.9312, 1.19388
1.5444, 1e+020
2.0624, 1e+020
2.7924, 1e+020
2.652, 1e+020
3.585, 1.33243
2.833, 1e+020
2.7082, 1e+020
3.432, 0.902264
2.8798, 1e+020
0.5678, 1e+020
0.1186, 1e+020
0.1216, 1e+020
1.4944, 1e+020
2.2184, 1e+020
0.5398, 1e+020
3.7752, 1.31547
3.3634, 1e+020
3.4476, 1.08446
3.4976, 1.2911
2.0716, 1e+020
3.1232, 0.869735
2.156, 1e+020
3.1792, 0.982439
3.875, 1.2419
1.3292, 1e+020
3.7596, 1.13414
0.3464, 1e+020
3.4196, 0.94462
3.2884, 1e+020
3.4508, 1.00942
3.3352, 0.954606
3.691, 1.01414
3.51, 0.989804
3.688, 1.04306
3.6628, 1e+020
3.9188, 1.20541
3.3322, 0.954026
3.8688, 1.59444
3.5818, 1.23146
3.7222, 1.34773
3.669, 0.97091
0.571, 1e+020
3.2824, 1.03163
3.669, 1.25712
3.2542, 0.971898
3.4882, 0.99771
0.365, 1e+020
3.663, 1.03136
0.5366, 1e+020
3.4008, 1.00024
3.5818, 1.01739
2.4618, 1e+020
2.1152, 1e+020
1.273, 1e+020
3.6568, 1.07052
3.6628, 0.976268
2.833, 1e+020
3.8408, 1.35403
0.4024, 1e+020
1.9344, 1e+020
0.4056, 1e+020
3.6036, 1.08441
4.1028, 1.36126
3.2542, 1e+020
0.646, 1e+020
0.6708, 1e+020
1.1012, 1e+020
3.4976, 1.31729
3.1388, 1e+020
1.8564, 1e+020
2.574, 1e+020
3.4726, 1.27966
0.6926, 1e+020
1.7066, 1e+020
3.7878, 1.33947
1.613, 1e+020
1.4414, 1e+020
0.7052, 1e+020
0.000, 0.035, 0.19, 0.315, 0.44, 0.565
4.1746, 1.05698
4.0342, 1.02364
4.059, 1.04702
3.844, 0.991813
2.8204, 1e+020
3.9312, 1.18271
1.6194, 1e+020
2.6894, 1e+020
3.9438, 1.19894
4.0746, 1.33447
4.1902, 1.28371
1.507, 1e+020
3.3416, 1e+020
3.9686, 1.15936
4.184, 1e+020
4.0716, 0.978793
3.8532, 0.999656
4.053, 1.10341
4.5428, 1.32064
1.4632, 1e+020
2.1964, 1e+020
3.9874, 1.217
4.053, 1.24584
1.354, 1e+020
3.7004, 1.0658
3.7878, 1.05811
4.0996, 1.29249
0.9516, 1e+020
4.028, 1.16257
4.2868, 1.10909
3.8658, 1.08594
3.8656, 0.956835
4.0654, 1.02964
1.5476, 1e+020
4.1934, 1.37071
3.7128, 0.996517
3.5568, 1e+020
3.7222, 0.997878
3.8656, 0.980837
3.7504, 0.949082
3.7814, 0.872762
4.2682, 1.23521
3.7066, 0.89845
4.0248, 1.03592
3.6442, 0.877212
3.4662, 0.935227
3.847, 0.935781
3.7036, 0.846391
3.6472, 0.88584
3.8096, 0.835249
3.5942, 0.890104
3.9406, 1.12897
3.9, 0.945894
3.897, 1.04728
3.6754, 0.874384
3.7626, 1.12859
1.3042, 1e+020
3.897, 1.17636
3.9374, 1.01765
3.9188, 1.08071
2.7082, 1e+020
3.719, 1.08882
3.7878, 1.08392
4.187, 1.27874
0.5336, 1e+020
4.0278, 1.1731
3.9064, 1e+020
1.5536, 1e+020
4.1404, 1.25003
3.978, 1.28171
3.8688, 1.20323
4.1434, 1.41763
1.4602, 1e+020
3.8126, 1.12515
2.7518, 1e+020
3.9188, 1.09788
0.3994, 1e+020
4.0154, 1.29166
3.872, 0.979789
3.4944, 0.877667
3.8346, 1.07154
3.7378, 0.934087
3.7534, 0.89136
3.8594, 1.01531
0.131, 1e+020
3.7066, 0.907218
2.7206, 1e+020
1.3104, 1e+020
3.9656, 1.09633
3.8376, 1.01455
3.744, 1.00503
0.131, 1e+020
3.953, 1.10199
3.9314, 1.11319
1.5786, 1e+020
3.9812, 0.995674
0.496, 1e+020
4.1934, 0.994729
3.8188, 0.924259
3.8658, 1e+020
3.8438, 0.913199
4.1434, 1.13655
3.7066, 1.00979
3.3946, 1e+020
1.8752, 1e+020
2.5522, 1e+020
3.9248, 0.945707
3.9906, 0.933653
0.4088, 1e+020
3.9874, 1.06892
4.2836, 1.18572
1.1078, 1e+020
0.131, 1e+020
4.1838, 1.16722
4.0094, 1.16179
3.85, 1.12562
1.1638, 1e+020
2.9204, 1e+020
2.7018, 1e+020
0.387, 1e+020
0.4212, 1e+020
3.903, 0.972924
0.387, 1e+020
4.2152, 1.22084
4.056, 1.26208
0.6894, 1e+020
0.7708, 1e+020
3.9748, 1.0036
3.3354, 0.837355
4.056, 1.17463
0.861, 1e+020
3.8782, 1.03746
2.7394, 1e+020
0.5242, 1e+020
3.7878, 1.04273
3.7002, 1.16084
3.8096, 1.29255
3.9686, 0.941074
3.7784, 0.933238
3.51, 0.930101
2.521, 1e+020
3.7284, 1.12711
3.8906, 0.997656
2.0312, 1e+020
3.9282, 1.14212
4.0902, 1.10681
1.8378, 1e+020
0.131, 1e+020
4.1684, 1.3509
3.7782, 1.10685
2.5804, 1e+020
3.7752, 1.14308
3.9032, 0.962974
3.744, 1.01599
4.0528, 1.2279
4.0156, 1.19975
0.4056, 1e+020
1.067, 1e+020
0.3744, 1e+020
3.8594, 1.27853
1.067, 1e+020
3.8626, 1.14641
0.4368, 1e+020
3.8876, 1.19845
3.925, 0.956609
0.000, 0.035, 0.195, 0.295, 0.455, 0.55
1.9968, 1e+020
1.8876, 1e+020
3.9562, 1.09197
2.652, 1e+020
1.4196, 1e+020
4.134, 1.23991
3.9344, 1.21464
0.3774, 1e+020
1.1732, 1e+020
1.2542, 1e+020
1.4976, 1e+020
2.2308, 1e+020
3.7908, 1e+020
0.3808, 1e+020
2.7486, 1e+020
3.9406, 0.962253
1.1794, 1e+020
0.3868, 1e+020
3.9188, 1.09671
4.031, 0.959741
3.8034, 0.927553
3.5848, 0.957468
3.6506, 0.945476
0.1278, 1e+020
0.131, 1e+020
3.5038, 1.00542
3.6006, 0.866549
4.0934, 1.15102
3.1106, 1e+020
3.7846, 0.952755
3.5974, 0.922355
3.8096, 0.903884
3.663, 1.11939
0.4242, 1e+020
1.5882, 1e+020
3.7752, 1.0606
4.2774, 1.15874
3.613, 1e+020
4.212, 1.17046
0.8924, 1e+020
3.744, 1.168
3.1824, 1e+020
3.8564, 0.976772
3.8096, 1.14151
4.0092, 1.14964
4.0716, 1.14847
0.5398, 1e+020
3.688, 1e+020
1.4102, 1e+020
3.8814, 1.1626
2.8766, 1e+020
1.12, 1e+020
0.9454, 1e+020
2.0312, 1e+020
0.3744, 1e+020
1.4414, 1e+020
0.362, 1e+020
1.875, 1e+020
3.8252, 1.23127
2.1154, 1e+020
0.3682, 1e+020
3.0326, 1e+020
2.5646, 1e+020
2.7988, 1e+020
1.8844, 1e+020
2.8766, 1e+020
1.192, 1e+020
3.5724, 0.925222
3.822, 1.09842
3.4226, 0.897933
3.7128, 0.911549
3.585, 0.917034
3.5818, 0.919999
3.822, 0.976461
3.9218, 0.958527
3.8876, 0.920933
2.8892, 1e+020
3.7128, 0.935726
3.9218, 0.922762
3.772, 0.947731
3.7286, 0.956227
3.7876, 0.972113
3.7658, 0.987732
3.6412, 0.976531
3.9342, 1.06632
1.9282, 1e+020
3.6412, 0.885214
4.0092, 0.979649
3.7784, 0.965166
3.5162, 0.940379
3.978, 1.23072
3.7066, 0.933079
3.7784, 1.01649
3.8406, 0.975927
2.8392, 1e+020
3.7222, 0.971446
3.6286, 1e+020
2.7894, 1e+020
3.7814, 1.00679
1.1576, 1e+020
4.059, 1.12657
3.7286, 0.920632
0.1216, 1e+020
3.2604, 1e+020
4.0904, 1.02101
3.8096, 0.96928
1.5006, 1e+020
0.365, 1e+020
3.7784, 1.162
0.1248, 1e+020
0.1248, 1e+020
1.7972, 1e+020
0.365, 1e+020
3.7658, 1.06469
2.936, 1e+020
3.794, 1e+020
3.4008, 1e+020
3.7004, 0.931602
3.7688, 0.942566
3.4446, 0.85375
3.5038, 0.911254
3.6036, 0.897207
3.6692, 0.927958
0.000, 0.035, 0.195, 0.295, 0.455, 0.55
0.000, 0.035, 0.195, 0.31, 0.44, 0.535
3.9032, 1.02216
3.9032, 0.993697
3.588, 0.893561
0.000, 0.035, 0.195, 0.31, 0.44, 0.55
3.9312, 0.864621
3.9, 0.966824
2.3524, 1e+020
3.5756, 0.935326
3.9624, 1.01108
3.6442, 1.09066
0.1248, 1e+020
3.9032, 1.06252
4.028, 1.32009
4.2962, 1.15819
3.8688, 1.01045
4.0374, 1.02735
4.0652, 1.32024
0.5086, 1e+020
3.8096, 0.958084
0.1248, 1e+020
0.8674, 1e+020
4.1402, 1.20366
1.404, 1e+020
0.8862, 1e+020
3.5786, 1e+020
3.9438, 1.09302
0.6052, 1e+020
0.9454, 1e+020
4.003, 1.28956
0.1248, 1e+020
0.1248, 1e+020
1.3758, 1.29508
4.1434, 1.15768
2.6084, 1e+020
3.9748, 0.956934
2.443, 1e+020
0.128, 1e+020
4.0684, 1.55495
1.7722, 1e+020
0.128, 1e+020
4.0654, 0.998339
3.8688, 1.0069
0.7052, 1e+020
3.6066, 0.944089
3.6006, 0.997215
3.8532, 1.00049
3.5818, 1.10277
3.744, 0.95784
3.4382, 0.992521
3.897, 1.14033
3.691, 1.00983
3.95, 1.15617
3.6816, 0.948329
3.4944, 0.85338
3.6036, 0.938244
1.9812, 1e+020
3.5132, 0.895652
3.7846, 1.01507
3.7096, 0.965678
3.875, 0.996866
3.8378, 1.07513
3.822, 1.03191
3.7752, 0.850579
4.0154, 1.33694
4.1902, 1.39418
3.9312, 1.15645
1.2044, 1e+020
3.7034, 0.95941
4.1278, 1e+020
0.5616, 1e+020
4.1808, 1.11774
4.3182, 1.26284
0.7176, 1e+020
4.056, 1.02846
3.7596, 0.981754
3.8594, 0.944103
2.9922, 1.54211
4.1184, 1.17862
0.128, 1e+020
3.875, 1.07347
3.8408, 1.07246
0.1248, 1e+020
0.128, 1e+020
3.7066, 1.05241
3.9748, 1.22358
0.128, 1e+020
4.1402, 1.38104
3.9844, 1.1629
0.1278, 1e+020
0.131, 1e+020
0.1248, 1e+020
0.3776, 1e+020
0.624, 1e+020
3.9062, 1.02835
3.7066, 0.953592
4.028, 1.08743
3.7752, 0.996524
3.797, 0.948977
1.1388, 1e+020
3.9188, 1.10514
1.9532, 1e+020
3.6192, 0.964379
3.9312, 1.00936
3.8844, 1.05164
0.521, 1e+020
1.0452, 1.18611
2.9704, 1e+020
3.9966, 1.06146
3.7722, 1.06167
3.5474, 0.874352
3.6848, 0.998531
3.5538, 0.848431
3.5942, 0.95844
3.8252, 1.10324
3.7346, 0.964511
3.7066, 0.825054
3.5598, 0.932477
3.6754, 0.988018
0.4868, 1e+020
3.5288, 0.882903
2.811, 1e+020
2.5118, 1.29402
1.1418, 1e+020
3.9656, 1.1151
2.6052, 1.07957
4.0248, 1.20805
4.2494, 1.24743
0.6022, 1e+020
4.237, 1.359
3.0982, 1e+020
2.028, 1e+020
4.134, 1.22658
3.975, 1.20534
1.482, 1e+020
1.1482, 1e+020
3.8656, 1.12988
0.5836, 1e+020
3.8718, 1.09441
2.8704, 1.20311
3.8876, 1.08592
4.3056, 1.47875
3.4944, 0.858349
3.663, 0.924397
4.2588, 1.15024
3.9624, 1.09315
4.3524, 1.18526
1.4914, 1e+020
3.9374, 1e+020
3.7752, 1.00959
3.6412, 0.894046
3.5816, 0.896321
3.9626, 1.0003
3.8812, 0.928848
3.7814, 0.88775
0.7052, 1e+020
3.8346, 0.93885
3.8376, 0.970468
3.9312, 0.94684
3.7096, 0.97595
1.8284, 1e+020
1.454, 1e+020
3.6566, 0.891761
3.5162, 1e+020
3.6162, 0.947317
3.7814, 0.988748
3.8782, 1.10125
3.0046, 1e+020
3.8626, 0.956227
3.666, 0.93864
2.9764, 1e+020
0.3808, 1e+020
3.8688, 1.02006
1.1262, 1.05118
3.7598, 1.08301
3.7502, 0.992209
3.5006, 0.970108
3.897, 1.23013
3.8344, 1.0737
2.7676, 1e+020
4.0902, 1.15662
0.4182, 1.27789
3.8344, 1.04177
0.6428, 1e+020
3.8626, 1.04631
4.3212, 1.27931
3.8594, 0.997955
3.7378, 1.18803
0.6302, 1e+020
4.4804, 1.49852
3.897, 1.3704
3.9406, 1.08124
3.6222, 0.983583
3.8376, 0.958825
3.7378, 0.921125
4.0872, 1.05538
0.755, 1e+020
3.7534, 0.916386
3.6068, 0.985747
3.872, 1.04178
3.8158, 0.977783
3.7532, 0.926991
3.8564, 0.903416
3.8564, 1.09868
3.6722, 0.819238
4.134, 1.28249
3.9344, 1.09613
3.9562, 1.18526
1.4414, 1e+020
3.9688, 0.9421
4.0154, 1.13021
4.0092, 0.992081
4.0716, 1.24809
1.8314, 1e+020
4.0218, 1.01328
3.8906, 0.906344
3.8096, 1.01548
0.6178, 1e+020
4.0528, 1.09197
4.0748, 0.960246
3.9906, 0.990443
0.758, 1e+020
2.9174, 1e+020
2.6426, 1e+020
4.1996, 1.19464
4.112, 1.08228
3.7442, 0.97285
4.4148, 1.22991
4.1902, 1.0503
4.059, 1.01802
2.1622, 1e+020
4.2744, 1.18252
1.9782, 1e+020
2.2214, 1e+020
4.134, 1.16606
1.2232, 1e+020
3.9062, 1e+020
4.4304, 1e+020
2.3806, 1e+020
3.8688, 1.02813
3.5506, 0.912863
0.624, 1e+020
3.875, 0.985897
3.7596, 1.03458
0.128, 1e+020
0.128, 1e+020
0.5272, 1e+020
3.4102, 1e+020
3.6254, 1e+020
3.6474, 1.04303
3.1606, 1e+020
3.7378, 0.966725
3.6222, 0.87427
1.3324, 1e+020
3.7158, 1.02479
2.103, 1e+020
3.513, 0.88289
3.7816, 0.963213
4.0622, 1.1088
3.9062, 0.945699
3.6878, 0.966004
3.8252, 1.12957
2.3432, 1e+020
4.3212, 1.34557
4.1434, 1.30259
2.1558, 1e+020
3.9314, 1.2563
0.602, 1e+020
0.78, 1e+020
0.3652, 1e+020
1.1824, 1e+020
4.1778, 1.14288
4.1558, 1.19979
0.3712, 1e+020
1.4104, 1e+020
0.3588, 1e+020
0.5022, 1e+020
0.5366, 1e+020
3.6038, 0.936798
0.5178, 1e+020
1.301, 1e+020
3.195, 1.4224
0.4462, 1e+020
1.1606, 1e+020
1.9562, 1.53127
1.5382, 1e+020
0.128, 1e+020
0.1278, 1e+020
0.1312, 1e+020
3.7814, 0.922037
3.8344, 1.01234
3.7066, 0.914031
0.128, 1e+020
4.0996, 1.24425
1.6724, 1e+020
3.8346, 0.954656
4.1308, 1.13947
3.7502, 1.0573
3.922, 0.950158
3.9094, 0.976964
3.8064, 0.967548
1.432, 1e+020
4.0998, 1.26948
3.8064, 1.05554
3.8126, 1.07922
3.6724, 0.870389
3.7752, 0.935176
3.6442, 0.962228
3.9186, 0.95669
3.8876, 0.95561
4.2744, 1.35144
0.6116, 1e+020
3.7846, 1.15121
4.527, 1.4884
3.7784, 0.931831
3.9936, 1.08214
0.1312, 1e+020
2.0154, 1e+020
2.9454, 1e+020
0.9296, 1e+020
2.8206, 1e+020
3.8346, 1.05018
0.5116, 1e+020
4.2464, 1.33777
2.8984, 1e+020
1.2918, 1e+020
2.2744, 1e+020
1.6442, 1e+020
1.3168, 1e+020
0.6396, 1e+020
4.0684, 1.15803
1.1576, 1.16272
1.8376, 1.69915
2.1498, 1e+020
1.5912, 1e+020
0.3682, 1e+020
4.162, 1.48502
2.184, 1e+020
3.747, 1.16126
4.1716, 1.3888
3.638, 0.941247
4.0652, 1.20608
3.9718, 1.19395
3.9656, 1.16755
2.8548, 1e+020
3.922, 0.960657
2.396, 1e+020
1.2824, 1.15957
1.7284, 1e+020
2.2184, 1e+020
3.0046, 1e+020
4.3338, 1.19724
3.669, 0.944408
3.7004, 1.01622
4.0778, 1.30699
4.056, 1.15288
4.1654, 1.04279
4.1308, 1.167
3.95, 1.02394
1.351, 1e+020
0.1248, 1e+020
0.9016, 1e+020
4.4616, 1.38968
1.0546, 1e+020
2.546, 1e+020
4.1216, 0.982037
4.4304, 1.27277
1.1418, 1e+020
4.078, 1.39239
0.1248, 1e+020
4.2026, 1.70059
0.8768, 1e+020
2.4274, 1e+020
2.5022, 1e+020
3.7096, 1e+020
2.1342, 1.79868
4.1434, 0.969668
2.1122, 1e+020
4.0778, 1.22051
4.1092, 1.41846
0.312, 1e+020
1.5568, 1e+020
1.741, 1e+020
1.1482, 1e+020
1.953, 1e+020
0.858, 1e+020
0.4962, 1e+020
3.8626, 0.941305
3.6722, 0.92054
3.5038, 0.860305
3.8438, 0.936487
3.975, 0.963409
3.6784, 0.962182
3.844, 0.873413
3.8718, 0.979157
4.025, 1.14886
1.1324, 1e+020
3.7004, 1e+020
3.7316, 0.915445
2.8142, 1e+020
3.819, 0.954774
0.1248, 1e+020
3.8064, 0.971722
0.4368, 1e+020
3.666, 0.952804
1.769, 1e+020
3.872, 1.22162
2.2214, 1e+020
4.156, 1.25981
4.0434, 1.32345
4.3182, 1.2936
4.0716, 1.04465
3.9406, 1.14536
3.8096, 0.961542
4.2618, 1.12063
4.056, 1.2631
3.791, 1e+020
0.8142, 1.76177
2.337, 1e+020
4.1308, 1.13458
3.8346, 1.07745
4.1058, 1.02029
4.4524, 1.49693
4.1558, 1.15018
1.351, 1e+020
4.1184, 1.07938
0.649, 1e+020
0.287, 1e+020
4.4616, 1.22703
4.2432, 1.3632
0.2964, 1e+020
4.3462, 1.47929
2.7738, 1e+020
4.212, 1.19133
0.2776, 1e+020
0.2902, 1.70855
3.6816, 0.899161
3.56, 1e+020
3.9624, 0.998845
3.9, 1.00153
3.822, 1.03069
3.9344, 1.00112
2.3494, 1e+020
2.003, 1e+020
1.298, 1e+020
3.5412, 0.830035
2.755, 1e+020
3.9624, 1.03187
1.1512, 1e+020
3.8658, 1.00767
0.6582, 1e+020
1.376, 1e+020
1.1732, 1e+020
0.7488, 1e+020
2.081, 1e+020
3.9686, 0.9069
1.0328, 1e+020
4.0278, 1.05954
3.8222, 1.03236
4.2058, 1.13529
2.2494, 1e+020
3.8002, 1.01081
3.4352, 1e+020
0.1342, 1e+020
3.8032, 1.00498
3.6536, 1e+020
4.0404, 1.12507
4.1216, 1.09133
3.9842, 1.10125
0.6584, 1e+020
0.7456, 1e+020
4.0998, 1.17164
3.8406, 1.12517
0.3808, 1e+020
3.9592, 1.06071
0.624, 1e+020
0.9422, 1e+020
4.2496, 1.25702
4.1682, 1.31342
0.4276, 1e+020
0.6084, 1e+020
2.5614, 1e+020
4.3182, 1.49082
3.9748, 1.08255
4.181, 1.1112
3.41, 0.782693
0.4462, 1e+020
3.8064, 0.980038
3.0888, 1e+020
4.2058, 1.21469
3.8284, 0.858562
3.6066, 0.941202
1.0858, 1e+020
0.44, 1e+020
2.9422, 1e+020
3.7502, 0.919298
3.8876, 0.903706
2.836, 1e+020
3.897, 0.920141
3.9874, 0.916421
3.638, 0.86357
3.8064, 1.0626
1.276, 1e+020
1.4352, 1e+020
1.2792, 1e+020
3.8408, 0.923571
3.7596, 1.05429
2.078, 1e+020
3.7346, 0.970656
3.6754, 0.880051
3.694, 0.871004
3.6724, 1.01905
4.0716, 1.10276
3.8064, 0.856493
3.6566, 0.893965
0.3714, 1e+020
3.5412, 0.838294
2.1092, 1e+020
1.538, 1e+020
3.8096, 0.983799
3.9282, 1.09763
0.836, 1.14397
3.9094, 1e+020
3.9968, 1.0006
4.028, 1.1902
3.9968, 1.27816
3.903, 1e+020
4.1372, 1.18575
1.1794, 1.32864
1.407, 1e+020
3.8066, 1.04738
0.6146, 1e+020
1.457, 1e+020
2.5116, 1e+020
3.5506, 0.884309
4.1934, 1.13831
2.7892, 1e+020
2.1872, 1e+020
4.137, 1.06975
0.8426, 1e+020
3.7534, 0.841293
0.8174, 1e+020
4.0998, 1.0418
3.6722, 0.984659
1.4726, 1e+020
3.8408, 1.03344
0.908, 1e+020
0.9422, 1e+020
3.8064, 1.01508
3.4726, 0.755143
0.83, 1e+020
4.137, 0.989162
3.9594, 1.08075
2.8548, 1e+020
3.8594, 0.992052
0.5336, 1e+020
4.0934, 1.06153
3.6692, 0.961296
1.822, 1e+020
3.7504, 1.02126
3.847, 1.04429
3.8064, 0.954375
2.0842, 1e+020
3.588, 0.815361
1.5038, 1.15722
4.1466, 1.10484
3.8282, 0.979869
0.5022, 1e+020
4.1434, 1.04175
2.2372, 1e+020
1.2886, 1.19444
4.0092, 1.12071
4.2214, 1.17811
2.5864, 1e+020
0.4898, 1e+020
3.9624, 1.07298
0.5836, 1e+020
3.8314, 1.24595
3.7782, 1.24036
3.9874, 1.05498
3.8376, 1.1713
4.1092, 1.0069
4.134, 1.0601
2.1778, 1e+020
2.861, 1e+020
3.588, 1e+020
4.6644, 1.49044
2.5584, 1e+020
2.9578, 1e+020
1.4384, 1e+020
4.3804, 1.33856
1.3666, 1e+020
2.2808, 1e+020
3.7316, 0.935254
2.4398, 1e+020
3.794, 1.10063
3.6566, 0.922322
3.6098, 1e+020
3.7878, 0.839543
0.44, 1e+020
3.9438, 1.17532
3.8312, 0.978538
0.128, 1e+020
3.8096, 0.889848
3.8438, 1.0142
4.0716, 1.17242
0.933, 1e+020
3.9904, 0.972907
3.067, 1e+020
1.9688, 1.04693
3.7158, 0.863296
4.1342, 0.997055
4.2618, 1.28609
0.1218, 1e+020
3.7504, 1e+020
4.2214, 1.05141
1.3946, 1e+020
1.6848, 1e+020
3.457, 1e+020
4.1466, 1.23856
1.9624, 1e+020
0.6428, 1e+020
0.518, 1.37216
3.8874, 0.956931
3.9936, 1.13585
2.7458, 1e+020
3.0232, 1e+020
0.6272, 1e+020
0.131, 1e+020
1.5226, 1e+020
1.0546, 1e+020
0.7112, 1e+020
4.2682, 1.3306
4.184, 1.27771
0.1248, 1e+020
4.0872, 1.21945
3.9032, 1e+020
0.3244, 1e+020
0.1312, 1e+020
3.5224, 0.969649
3.4664, 0.948621
0.521, 1e+020
4.0748, 1.32897
4.265, 1.71899
3.9998, 1.23296
3.7878, 1.22284
1.248, 1.46672
1.12, 1e+020
3.7348, 1.02424
3.666, 0.921922
3.9718, 1.10924
0.287, 1e+020
0.7114, 1e+020
3.8002, 1.01571
4.081, 1.19974
3.9312, 1.07862
1.4164, 1e+020
2.6988, 1e+020
3.897, 1.01256
1.9282, 1e+020
2.5802, 1e+020
0.418, 1e+020
2.8674, 1e+020
3.9218, 1.12075
4.1496, 1.09191
0.8924, 1e+020
3.7534, 1e+020
3.772, 1.08995
3.4228, 1.16542
1.145, 1e+020
1.2886, 1e+020
4.1464, 1.02186
3.5818, 1.04323
3.8314, 0.99434
2.2496, 1e+020
4.084, 1.02605
4.2838, 1.07722
4.1872, 1.11414
2.9108, 1e+020
1.2638, 1e+020
1.4756, 1e+020
1.5756, 1.76524
3.847, 1.19283
4.1684, 1.47839
2.727, 1e+020
4.0684, 1.12285
3.9126, 1.21496
1.9686, 1e+020
3.7098, 1e+020
0.3026, 1e+020
3.9344, 1.11579
0.3182, 1e+020
1.535, 1e+020
3.6442, 1e+020
3.9094, 1.16721
4.1246, 1.44333
2.3338, 1e+020
3.6412, 0.933924
3.8938, 1.18965
4.031, 1.1141
3.4414, 1e+020
0.627, 1e+020
2.2464, 1e+020
3.7066, 1.02824
3.9718, 1.08214
4.0936, 1.32634
2.262, 1e+020
3.8812, 1.08226
2.9922, 1e+020
2.2806, 1e+020
3.22, 1e+020
4.031, 1.14807
4.028, 1.12821
3.8874, 1.13763
3.691, 1e+020
0.2996, 1e+020
2.5022, 1e+020
3.2324, 1e+020
2.6458, 1e+020
4.1308, 1.11016
4.159, 1e+020
0.3838, 1e+020
4.0154, 1.13455
1.9002, 1e+020
2.9204, 1.16358
2.574, 1e+020
2.8174, 1e+020
0.368, 1e+020
2.702, 1e+020
0.4306, 1e+020
4.3088, 1.36539
4.0746, 1.13649
3.8876, 1.26721
2.5242, 1e+020
1.5848, 1e+020
3.9782, 1.18126
4.0092, 0.880684
3.5818, 1.34126
3.613, 1e+020
3.8406, 1.11502
4.0312, 1.18589
1.4944, 1e+020
3.3978, 1e+020
0.9016, 1e+020
4.1932, 1.36932
0.8986, 1e+020
0.5928, 1e+020
4.1216, 1.23318
4.028, 1.3115
3.8408, 1.18011
3.9124, 1.14329
3.1824, 1.46496
3.9812, 1.1843
3.9748, 1.11222
0.5992, 1.37468
1.6098, 1e+020
4.234, 1.43032
2.265, 1e+020
2.6676, 1e+020
4.1746, 1.37072
2.0624, 1e+020
4.29, 1.24133
4.2994, 1.38089
0.128, 1e+020
2.8048, 1e+020
0.3338, 1e+020
4.312, 1.39508
4.527, 1.52958
2.2934, 1e+020
0.1278, 1e+020
4.056, 1e+020
0.128, 1e+020
0.3058, 1e+020
4.1746, 1.15291
1.2012, 1e+020
1.6878, 1e+020
2.128, 1e+020
1.1324, 1e+020
3.95, 1.02877
0.621, 1e+020
0.4242, 1e+020
3.7784, 1.02767
1.0264, 1e+020
3.925, 1.0438
3.6692, 1e+020
3.7128, 0.915455
1.8596, 1e+020
1.8814, 1e+020
0.5334, 1e+020
3.61, 0.914259
3.6596, 0.909048
0.9548, 1e+020
3.897, 0.994104
3.6254, 0.919184
3.6784, 1.06989
1.17, 1e+020
0.5056, 1e+020
3.4538, 1e+020
3.6004, 0.814025
3.6662, 0.944901
3.875, 1.02523
2.418, 1e+020
3.613, 0.860624
2.7736, 1.01449
1.0608, 1e+020
3.9532, 1.12903
2.9796, 1e+020
1.1608, 1e+020
3.6972, 0.869072
1.067, 1e+020
2.2526, 1e+020
3.9438, 0.988637
3.6004, 0.888081
2.8518, 1e+020
4.1996, 1.35702
4.1558, 1.55474
2.3088, 1e+020
0.755, 1e+020
4.1372, 1.18538
3.9562, 1.22856
2.0686, 1e+020
0.7924, 1e+020
3.1076, 1e+020
0.6116, 1e+020
4.2276, 1.22907
0.8424, 1e+020
3.9, 1.18035
3.794, 1.20909
0.6426, 1e+020
0.3806, 1e+020
0.1248, 1e+020
1.1076, 1e+020
3.8876, 0.915197
1.6536, 1e+020
3.6848, 0.973007
1.9812, 1e+020
3.8968, 0.954975
3.8596, 0.986717
2.1746, 1e+020
3.9968, 0.940972
1.2948, 1e+020
4.1434, 1.23142
2.8766, 1e+020
3.975, 1.10588
1.2324, 1e+020
3.8844, 0.869622
3.8532, 0.946444
3.7284, 0.932283
0.4304, 1e+020
3.6442, 1e+020
3.7254, 0.833449
3.8812, 0.915669
0.4368, 1.08014
0.6646, 1e+020
2.0998, 1e+020
1.2948, 1e+020
3.6598, 0.900878
1.4258, 1e+020
3.8314, 1.00672
3.6848, 0.856803
1.3228, 1e+020
3.5974, 1e+020
0.571, 1e+020
0.6334, 1e+020
2.209, 1e+020
4.0248, 1.11721
4.1464, 1.19368
0.5368, 1e+020
4.1964, 1.18341
1.5132, 1e+020
0.6708, 1e+020
0.6926, 1e+020
0.6022, 1e+020
4.056, 1.23487
3.8158, 1.04268
3.9124, 1.18559
4.1092, 1.33676
1.5568, 1e+020
3.6848, 0.889339
4.134, 1.04436
3.5038, 1e+020
3.7784, 0.922509
1.2574, 1e+020
3.9156, 0.964015
3.7938, 0.910106
3.8658, 0.911932
2.2432, 1e+020
3.688, 0.866022
0.5242, 1e+020
1.0764, 1e+020
3.6036, 0.852485
3.9654, 1.06404
0.4588, 1e+020
4.1058, 1.11836
3.8158, 0.918101
3.9032, 1.03119
1.4476, 1e+020
4.5334, 1.14248
4.0748, 1.17845
2.936, 1e+020
3.8158, 1.12311
3.7564, 0.853434
3.6504, 0.946569
4.1216, 1.0136
1.9656, 1.2115
1.3104, 1e+020
3.7472, 0.891382
0.418, 1e+020
3.1888, 1e+020
0.6894, 1e+020
0.465, 1e+020
3.5568, 1e+020
4.2244, 0.977709
2.2122, 1e+020
0.4398, 1e+020
2.1124, 1e+020
2.2338, 1e+020
1.9876, 1e+020
1.198, 1e+020
3.663, 0.989793
3.9842, 1.22494
3.8408, 1.11129
3.9468, 1.19028
3.9968, 1.23076
0.4616, 1e+020
2.9578, 1e+020
3.928, 163.186
3.975, 1.03861
3.875, 146.54
1.4008, 1e+020
1.3572, 1e+020
0.6022, 1e+020
3.8626, 1.78415
2.1372, 1e+020
1.897, 1e+020
2.78, 1e+020
3.744, 0.908692
2.2402, 1e+020
4.006, 151.174
0.649, 1e+020
3.7814, 0.911753
3.769, 0.95
2.7052, 1.04019
3.8532, 1.03024
3.6442, 0.876786
4.1714, 1.26984
4.159, 1.39062
4.1652, 1.02806
0.5866, 1e+020
0.4086, 1e+020
0.5304, 1e+020
3.6506, 0.871541
2.0154, 1e+020
4.0092, 1.04989
3.8126, 0.936217
3.8814, 0.936888
3.847, 0.97684
3.5162, 0.872416
3.7566, 0.85556
3.8282, 1.14353
4.0436, 1.08054
2.0872, 1e+020
0.521, 1e+020
1.6848, 1e+020
3.9344, 1.25755
3.897, 1.04397
1.482, 1e+020
0.8516, 1e+020
0.468, 1.08542
3.847, 0.975607
0.6396, 1e+020
1.6756, 1e+020
3.7346, 1e+020
3.9842, 1.01028
2.9672, 1e+020
1.0982, 1e+020
4.0374, 149.027
3.7782, 1e+020
1.5788, 1e+020
1.741, 1e+020
0.5272, 1e+020
3.195, 1e+020
3.8876, 1e+020
4.1932, 1.15547
4.2682, 1.43803
3.9094, 1e+020
4.0404, 141.004
3.9936, 153.761
0.936, 1e+020
2.1466, 1e+020
3.8564, 147.733
3.7596, 1.74793
4.1778, 1.32829
1.5132, 1e+020
3.9498, 1.64065
4.159, 1.67596
3.9376, 1.40725
3.9624, 159.264
3.9, 0.988679
3.5912, 0.872578
3.978, 1.38026
3.9748, 1.22083
4.262, 1.73314
3.3352, 1e+020
3.9406, 0.964558
4.1342, 1.08006
3.9936, 1.08214
4.0216, 1.33366
4.0468, 1.19966
4.1526, 1.84766
3.535, 1e+020
3.4788, 1e+020
0.4494, 0.866653
0.911, 1e+020
3.8532, 0.997076
3.9, 0.986274
1.3074, 1e+020
3.9094, 0.932793
0.5522, 1e+020
3.3634, 1e+020
1.8938, 1.2097
3.9592, 1.12946
2.2154, 1e+020
4.3524, 1.51002
2.368, 1e+020
3.9936, 1e+020
3.872, 133.06
3.9374, 142.941
4.003, 161.139
3.7564, 148.632
3.9188, 145.044
4.1746, 1.68239
3.9218, 163.366
3.922, 158.605
2.599, 1e+020
3.9436, 1.15377
2.4368, 1e+020
4.0372, 158.274
0.4992, 1e+020
3.7254, 0.840128
3.4008, 0.803943
4.0996, 171.32
1.2856, 1e+020
3.8094, 1.23541
3.9998, 1.55261
1.2356, 1e+020
1.8096, 1e+020
3.5694, 0.914664
1.9156, 1.07702
3.7222, 1.03938
3.8344, 1.13789
4.106, 153.705
0.9018, 1e+020
3.8906, 1.07336
1.1388, 1e+020
3.897, 1.04236
4.1652, 1.13111
2.3836, 1e+020
3.9562, 1.34414
3.9842, 1.02778
3.8876, 1.08483
1.245, 1e+020
0.387, 1e+020
3.8874, 0.943156
2.0624, 1e+020
4.0342, 1.19277
3.9812, 1.06205
1.0482, 1e+020
0.387, 1e+020
4.0216, 1.15197
3.8752, 1.02452
4.0372, 158.441
0.3338, 171.41
3.9874, 168.318
4.1248, 1.19682
4.0278, 147.21
4.0186, 1.58198
4.2058, 161.27
4.4648, 2.14704
0.3214, 1e+020
4.2774, 1.41873
3.9532, 1.30423
1.0482, 1e+020
3.925, 1.53209
1.4166, 1e+020
3.8562, 1.28413
0.7458, 1e+020
1.9094, 1e+020
4.1714, 1.40408
4.0156, 1.45991
3.1294, 1e+020
4.1184, 1.26646
3.9842, 1.45226
4.1778, 1.71287
2.0654, 1e+020
3.7752, 1.22025
3.9686, 1.31444
3.8846, 1.81435
3.9374, 1.14743
4.1402, 1.59585
4.0062, 1.40081
0.627, 1e+020
0.8518, 1e+020
3.7066, 0.902374
3.953, 1.50759
4.0936, 1.34987
4.1152, 145.738
1.039, 1e+020
0.5054, 1e+020
3.794, 0.957734
3.8876, 0.999971
1.897, 1e+020
2.1498, 1e+020
3.694, 1e+020
3.7752, 1.05741
1.248, 1e+020
0.8924, 1.27715
4.0592, 1.11446
2.1652, 1e+020
3.3728, 1e+020
3.6972, 1.06808
3.7472, 1.08156
3.8094, 0.940792
1.4446, 1e+020
3.7534, 0.859539
4.237, 1.20786
3.8282, 0.907257
3.5662, 0.879121
3.273, 1e+020
3.9032, 0.977737
0.5054, 1e+020
3.9156, 1.02418
0.7644, 1e+020
3.7472, 0.852198
4.0934, 1.06907
3.9344, 1e+020
1.9874, 1e+020
3.663, 0.870855
4.0404, 0.958432
3.8094, 1.05388
3.638, 0.827123
3.535, 0.739722
3.7472, 0.857567
0.4306, 1e+020
2.2526, 1e+020
3.616, 1e+020
3.7908, 0.919132
3.6068, 0.848593
3.8158, 0.956293
3.5912, 1.03215
4.1964, 1.16717
3.8688, 1.00092
3.7316, 0.925916
3.6286, 0.976935
3.5818, 0.847777
0.4336, 1e+020
0.4462, 1e+020
4.031, 1.02768
4.2184, 1.31691
4.265, 1.27575
1.4664, 152.705
1.3884, 1e+020
4.1778, 1e+020
4.1714, 1.25039
3.9968, 1.17753
4.0278, 1.20593
3.3978, 1e+020
1.5194, 1e+020
0.752, 1e+020
4.081, 1.30893
4.1776, 1.31255
3.51, 1e+020
3.9064, 1e+020
3.8562, 0.84056
3.872, 0.995378
0.574, 1e+020
1.6756, 1e+020
3.7158, 0.844455
0.4306, 1e+020
2.6708, 1.00306
1.0826, 1e+020
3.7566, 0.844104
3.7158, 0.918202
3.6474, 0.983633
2.418, 1e+020
1.7972, 1e+020
2.0904, 1e+020
3.8626, 0.938984
3.6378, 0.83087
3.8034, 0.916104
3.6442, 0.699992
0.7768, 1e+020
2.6178, 1e+020
1.5412, 1e+020
3.4196, 1e+020
3.588, 0.786706
3.9468, 0.956862
3.6222, 0.763341
4.0312, 1.0912
0.4306, 1e+020
3.4226, 1e+020
3.5256, 0.745957
2.68, 1e+020
3.613, 1e+020
3.8158, 0.912898
3.7628, 1.00752
4.212, 1.02902
3.8502, 1.00302
3.719, 0.939504
1.3728, 1e+020
3.6098, 1e+020
2.755, 1e+020
3.8596, 1.07377
4.0498, 1.13473
3.304, 1e+020
4.056, 1.34707
1.2386, 1e+020
3.766, 1e+020
3.2448, 1e+020
3.875, 1.11593
0.911, 1e+020
0.5336, 1e+020
0.1248, 1e+020
3.7752, 0.843144
3.794, 0.983083
4.0684, 0.953906
3.7348, 0.804102
3.7534, 0.843413
2.9514, 1e+020
3.9064, 0.839376
0.6396, 1e+020
3.6442, 1.09566
3.5288, 1e+020
2.9578, 1e+020
2.1622, 1e+020
1.1948, 1e+020
0.4462, 1e+020
3.4852, 0.773721
3.5912, 1e+020
3.8564, 0.880716
2.262, 1e+020
1.1106, 1e+020
2.9704, 1e+020
3.6222, 0.791166
3.922, 0.914024
1.2542, 1e+020
1.3322, 1e+020
3.975, 0.942244
3.6348, 0.885324
0.3962, 1e+020
3.8002, 0.762835
0.496, 1e+020
0.4026, 1e+020
4.1464, 0.981158
3.5912, 0.807695
3.7534, 1.01439
2.9048, 1e+020
1.9156, 1e+020
3.7658, 0.910667
0.128, 1e+020
2.8984, 1e+020
3.3634, 1e+020
4.0436, 1.16582
3.8656, 1.02553
4.0842, 1.09628
2.7174, 1e+020
3.6942, 0.887632
3.7346, 0.878258
3.8844, 1.03702
4.0468, 149.257
3.7222, 1e+020
3.6628, 1e+020
4.1528, 160.885
3.1606, 262.744
1.5474, 1e+020
3.8502, 153.959
3.8814, 149.657
3.7844, 1e+020
3.844, 159.374
1.6192, 1e+020
3.6536, 152.019
4.134, 157.635
2.2902, 1e+020
3.6098, 0.849089
4.0216, 1e+020
4.2434, 0.984129
3.5348, 0.840184
2.8112, 1e+020
0.752, 1e+020
3.9406, 161.808
3.0046, 1e+020
3.9436, 1e+020
0.596, 1e+020
0.649, 1e+020
3.8346, 0.804992
1.872, 1e+020
3.042, 1e+020
0.521, 1e+020
4.1466, 1.07493
1.2198, 1e+020
0.883, 1e+020
3.9156, 0.992162
1.3698, 1e+020
3.2854, 1e+020
1.4788, 1e+020
4.2464, 165.548
3.7876, 0.835732
2.0874, 1e+020
3.9624, 0.920363
3.8844, 0.777979
3.6472, 0.928825
2.9954, 1e+020
0.7268, 1e+020
3.7628, 0.907801
4.056, 0.923757
2.7424, 1e+020
3.5788, 0.751064
3.6192, 0.78914
3.7752, 1e+020
3.148, 1.86655
0.4432, 1e+020
3.8188, 139.48
4.0872, 161.832
4.0248, 171.112
3.8534, 147.553
3.981, 174.924
3.975, 1.92563
3.8282, 165.154
0.6522, 1e+020
2.4522, 1e+020
4, 162.788
2.4834, 1e+020
4.1684, 159.346
0.702, 1e+020
3.9592, 156.542
3.4352, 1e+020
1.4446, 1e+020
1.6162, 1e+020
0.6396, 1e+020
3.8876, 157.829
1.4444, 1e+020
3.7566, 1.66076
4.1466, 177.601
3.9, 168.683
4.162, 1.15923
2.3588, 1e+020
3.0326, 1e+020
0.6522, 1e+020
4.134, 167.805
3.8314, 165.407
3.8874, 164.776
1.532, 1e+020
3.797, 1e+020
0.5118, 1e+020
3.0982, 1e+020
0.1248, 1e+020
4.0498, 172.411
3.9904, 162.004
4.2276, 160.104
4.0186, 1.85071
3.8844, 163.574
4.1216, 156.939
3.953, 1e+020
4.0842, 165.866
0.7114, 1e+020
2.3026, 1e+020
3.9374, 168.465
3.769, 170.435
2.6208, 202.875
3.9, 186.703
0.8174, 1e+020
3.9532, 173.197
0.7892, 1e+020
4.0312, 179.147
3.6192, 1e+020
0.5616, 1e+020
3.0452, 1e+020
3.978, 193.712
1.5538, 1e+020
4.0996, 201.794
3.8252, 157.266
1.0982, 1e+020
3.769, 1.77781
3.8844, 167.21
1.4134, 1e+020
3.719, 1.65486
3.7972, 164.331
3.9156, 181.004
3.8594, 180.316
3.875, 182.658
2.312, 192.548
3.875, 158.219
4.159, 208.779
3.9064, 160.923
2.2246, 1e+020
0.4368, 1e+020
3.0514, 1e+020
3.9686, 152.131
3.9188, 171.094
2.393, 1e+020
3.8594, 159.354
3.8096, 139.116
3.6192, 0.837547
2.1186, 1e+020
3.875, 168.39
0.9328, 1e+020
3.1264, 1e+020
3.2386, 1e+020
3.9966, 147.717
3.766, 0.985524
4.2306, 164.716
1.5976, 1e+020
3.4412, 1e+020
3.9188, 167.532
1.5164, 1e+020
3.8938, 175.383
3.6036, 197.005
3.8066, 195.542
3.5192, 191.474
3.7784, 1e+020
3.588, 189.336
3.4852, 185.61
3.616, 198.079
3.7502, 191.098
3.8314, 180.092
3.6568, 154.812
3.6098, 1.97105
3.7628, 202.712
3.5786, 190.882
3.6598, 187.371
3.6566, 191.403
3.7316, 1e+020
3.641, 193.927
3.744, 198.16
3.6254, 190.541
3.482, 192.226
3.6878, 177.056
3.6754, 0.983489
3.6754, 176.625
3.9438, 1.13789
3.6972, 0.902209
3.641, 160.892
3.794, 169.54
3.0608, 1e+020
3.825, 0.963827
3.6504, 0.89806
3.5258, 0.893566
3.747, 165.18
0.7114, 1e+020
3.769, 1.15239
3.6598, 186.95
4.0248, 1e+020
3.7316, 0.943215
3.5412, 1e+020
3.535, 0.925342
3.7128, 1.03606
3.694, 183.477
3.6038, 183.32
3.8532, 1e+020
3.875, 1.09212
0.8236, 1e+020
3.947, 1.078
0.8112, 1e+020
1.5412, 154.016
3.5818, 1.81638
2.053, 1e+020
2.2214, 1e+020
3.8408, 0.962669
3.6848, 1.10938
3.535, 0.934824
3.7222, 0.918056
3.5288, 1e+020
3.666, 0.960743
3.5818, 1.01268
3.563, 0.954189
3.925, 1.04344
3.6192, 0.889729
3.9344, 1.10297
3.6972, 1.04519
1.067, 1e+020
3.7908, 1.0718
1.7536, 1.21068
3.6222, 0.984947
0.4898, 1e+020
3.9438, 1.08946
3.9718, 1.05238
2.6644, 1.29842
3.7222, 1.18079
3.8034, 1.09596
3.5942, 0.905425
2.7518, 1e+020
0.128, 1e+020
0.131, 1e+020
3.7066, 1.14546
3.978, 1.32424
1.3604, 1e+020
3.7658, 1.20587
1.2138, 1e+020
3.8282, 1.07579
1.9906, 1.30528
3.4414, 1e+020
3.9718, 1.10384
1.1544, 1e+020
1.1824, 1.28063
4.0312, 1.18952
3.722, 1.01674
3.975, 1.44384
2, 1e+020
3.6784, 1.09038
0.387, 1e+020
3.7846, 1.04949
0.6426, 1.34682
3.6972, 1.08864
3.7004, 1.15942
2.7736, 1.20566
3.769, 1.00886
3.7378, 1.02728
0.6772, 1e+020
3.6722, 0.953413
0.5022, 1e+020
0.8892, 1e+020
3.7502, 1.0633
1.9032, 1e+020
3.5662, 1.01823
3.6816, 1.05743
1.8254, 1e+020
3.9748, 0.959876
0.131, 1e+020
3.7036, 1.04216
3.4382, 1e+020
3.7784, 1.09845
3.772, 1.16685
3.6286, 1.02152
2.6458, 1e+020
3.8844, 1.00087
3.7222, 1.16527
3.6816, 1.02092
1.5318, 1e+020
3.7284, 1.13563
4.025, 1.28174
2.0216, 1e+020
3.5038, 1e+020
0.7426, 1e+020
3.9032, 1.19435
3.6848, 0.994095
3.9, 1.06084
2.056, 1.36434
0.3432, 1.69408
0.131, 1e+020
4.0156, 1.31182
1.3072, 1e+020
1.8846, 1e+020
1.1886, 1e+020
0.6272, 1e+020
3.7596, 1.16453
0.3806, 1e+020
2.9392, 1e+020
3.6752, 0.99203
3.9626, 1.21887
0.3618, 1e+020
0.3932, 1e+020
3.5412, 1e+020
4.1122, 1.26657
3.7534, 1.03306
3.7222, 0.989415
3.5006, 0.953544
3.8814, 0.981607
4.0216, 1.058
3.7098, 0.967097
1.694, 1e+020
1.4416, 1e+020
1.9594, 1e+020
3.488, 1.02328
3.5912, 1.00655
2.911, 1e+020
3.7908, 1.13825
3.61, 0.943847
3.6972, 0.979002
3.7564, 1.11789
3.6628, 0.997094
3.5756, 0.956963
3.716, 1.06054
3.6566, 0.971901
3.8844, 1.04894
3.7784, 1.07432
1.1824, 1e+020
3.744, 1.01622
2.833, 1e+020
3.6192, 1.01536
1.635, 1e+020
3.719, 1.06778
3.7348, 0.891754
0.8642, 1e+020
3.7346, 0.982291
2.0498, 1e+020
3.7534, 1.00887
1.0266, 1e+020
4.2276, 1.17715
4.0404, 1.28361
3.8906, 1.12688
3.7878, 1.11527
0.9078, 1e+020
2.8798, 1e+020
3.691, 1.2049
3.8314, 1.22705
3.7908, 1.09386
3.9156, 1.08786
2.7176, 1e+020
3.8126, 1.35111
3.6256, 1e+020
4.0342, 1.31041
0.5022, 1.37368
3.8938, 1.27076
2.8362, 1e+020
3.5286, 1.01277
0.128, 1e+020
3.56, 0.995915
3.6786, 0.935898
3.5912, 0.99816
3.5568, 1.07057
1.9282, 1e+020
3.588, 0.98094
3.6004, 1.07461
3.5568, 0.992789
3.663, 1.03825
3.691, 1.08213
0.493, 1.08808
3.694, 1.00658
3.6878, 0.98485
3.7066, 1.0821
3.6286, 0.977735
0.4992, 1e+020
0.961, 1e+020
3.641, 0.988019
3.5974, 1.11039
3.6724, 1.00088
0.4866, 1e+020
0.5054, 1e+020
3.6724, 1.03472
3.5444, 0.9734
3.7002, 1.03503
3.6568, 0.969291
3.613, 1.01862
3.6534, 0.992967
3.7908, 1.04205
3.688, 1.05397
3.56, 0.96504
3.8656, 1.05555
4.0248, 1.24293
3.9344, 1.13778
3.7284, 1.02689
2.3556, 1e+020
3.7846, 1.09675
3.7284, 1.05709
3.7472, 1.08184
3.8594, 1.02608
3.978, 1.35865
3.6224, 0.965486
0.128, 1e+020
4.0092, 1.28956
3.7066, 1.12363
3.6066, 1.05242
3.9344, 1.13919
3.7908, 1.17431
3.5568, 0.923896
3.6598, 1.05335
3.8314, 1.2621
4.056, 1.16186
3.7908, 1.18929
3.6816, 0.9881
3.666, 0.999961
3.507, 1.03798
3.2698, 1e+020
3.7908, 1.00168
2.7706, 1e+020
3.5942, 0.991876
3.6722, 1.03796
3.6192, 1.0682
3.5818, 1.08829
3.6972, 1.00146
3.457, 0.963659
3.7722, 1.03725
3.5724, 1.01224
3.6006, 0.975254
3.8874, 1.05138
3.666, 1.03869
3.7472, 1.06432
3.8376, 1.14797
3.5974, 1.06437
3.3852, 1e+020
1.9002, 1e+020
3.719, 1.05142
3.9624, 1.15271
3.6162, 1.05702
3.3508, 1e+020
3.9812, 1.19166
3.691, 1.07308
3.928, 1.32705
3.7816, 1.06195
3.7938, 1.08797
3.8128, 1e+020
3.4912, 0.949482
3.6972, 1.00473
3.7596, 1.0814
3.9188, 1e+020
3.819, 1.05114
0.365, 1e+020
3.9344, 1.01589
3.8126, 1.12216
3.9562, 1.31206
3.9468, 1.10039
3.663, 1.14758
3.7938, 1.23962
3.9, 1.31991
2.131, 1e+020
3.925, 1.24653
1.2762, 1.55805
3.8158, 1.05254
3.666, 1.08974
3.925, 1.38066
3.9342, 1.26389
3.9532, 1.29083
3.8344, 1.13185
1.0952, 1e+020
3.9812, 1.4817
3.7128, 1.07486
2.4274, 1e+020
0.6926, 1e+020
3.9904, 1.34075
0.4212, 1e+020
3.8532, 1.28674
3.8158, 1.07359
3.8564, 1e+020
3.7128, 1.08049
3.7534, 1.00769
4.2338, 1.65864
1.8876, 1e+020
3.6598, 1.04648
0.5742, 1e+020
1.9032, 1.0832
3.7784, 1.2336
3.5818, 1.11111
3.903, 1.15195
3.4976, 1.02412
3.7066, 1.13154
3.51, 1.10232
4.1154, 1.29857
3.8032, 1.12132
3.585, 1.00065
3.51, 0.962138
1.195, 1e+020
3.5192, 1.09564
3.4166, 1e+020
3.8376, 1.19481
3.875, 1.26823
3.8376, 1.27381
3.8782, 1.40259
3.7908, 1.16852
3.3354, 1e+020
4.3462, 1.52311
4.1402, 1.46226
3.3072, 1e+020
3.8502, 1.17067
3.6596, 1.04193
2.3276, 1e+020
3.9282, 1.43245
4.1402, 1.39101
4.0716, 1.5588
0.4774, 1e+020
3.7752, 1.32548
3.9906, 1.27579
3.8096, 1.15693
4.003, 1.32336
4.006, 1.51535
3.741, 1.2855
4.1434, 1.43046
4.0466, 1e+020
1.0982, 1e+020
2.7862, 1e+020
2.0874, 1e+020
1.0982, 1e+020
4.0592, 1.32043
3.6316, 1.12446
0.649, 1e+020
3.6722, 1.01212
1.0952, 1.10673
3.9594, 1.28999
4.0404, 1e+020
3.7908, 1.12173
2.3494, 1e+020
3.925, 1.31647
3.6878, 1.06027
0.7394, 1e+020
2.9828, 1e+020
2.6146, 1e+020
3.7222, 1.14798
3.7908, 1.29901
0.493, 1e+020
0.4992, 131.997
3.7378, 1.22158
3.772, 1.08489
3.716, 1.03293
4.1932, 1.69016
2.0062, 1e+020
3.6942, 1.07639
2.992, 1e+020
0.7052, 1e+020
3.6848, 1.12051
3.4944, 0.966388
3.4288, 0.898044
3.5818, 0.991517
3.9936, 1.13669
3.6348, 1.02718
3.7472, 1.0052
3.7534, 0.986137
3.485, 0.965626
3.5974, 0.912337
3.744, 1.10983
3.7784, 1.17615
0.4648, 1e+020
3.223, 1.01074
1.3104, 1e+020
3.5444, 0.897641
3.3322, 1e+020
0.4992, 1e+020
3.6474, 1.06229
3.6784, 0.96284
4.056, 1.16657
3.8938, 1.1012
3.7722, 1.01223
1.3634, 1e+020
3.6816, 0.94559
3.694, 0.948923
3.5632, 0.991878
0.1248, 1e+020
0.1312, 1e+020
3.875, 1e+020
3.9156, 1.13407
4.0218, 1.11766
1.2698, 1.24751
4.0622, 1.28468
3.847, 1.2035
4.0154, 1.35462
4, 1.29904
1.4476, 1e+020
0.387, 1e+020
3.8968, 1.10781
1.9314, 1e+020
4.0092, 1.25544
2.0498, 1.46165
3.6722, 1.1366
2.6458, 1e+020
3.8502, 1.23118
3.9186, 1.19663
4.0966, 1.14676
4.0248, 1.19652
3.9532, 1.29069
3.4352, 1e+020
3.4476, 0.846889
3.8282, 1.00473
3.847, 1.01963
1.1138, 1e+020
0.128, 1e+020
2.0592, 1e+020
3.5132, 0.961606
0.3464, 1e+020
0.5866, 1e+020
3.6222, 1.04782
1.22, 1e+020
3.5786, 0.845041
3.8906, 0.963597
3.719, 1.02053
1.9126, 1e+020
4.0904, 1.37883
3.8814, 1.13743
3.6036, 1e+020
3.6878, 1.00029
2.5646, 1e+020
3.4228, 1.25438
1.7128, 1e+020
3.8814, 1.19821
3.8, 1.15934
2.702, 1e+020
1.9532, 1.38895
1.7378, 1e+020
3.5162, 1.24276
1.3822, 1e+020
3.4228, 1e+020
3.85, 1.15636
3.9656, 1.25281
0.6646, 1e+020
1.9968, 1e+020
2.081, 1e+020
4.0716, 1.32187
3.7222, 1.02308
3.819, 1e+020
3.9062, 1.25554
3.744, 1.17534
3.8344, 1e+020
1.2294, 1e+020
3.6816, 1.04285
3.4102, 1e+020
4.1496, 1.4136
1.5008, 1e+020
4.1714, 1.49784
1.1138, 1e+020
3.7098, 1.02456
3.744, 0.976546
3.7316, 1.0232
0.1248, 1e+020
3.7658, 0.991707
1.1606, 1.03655
3.3166, 1e+020
3.9998, 1.25008
3.6692, 1.19592
3.8688, 1.01305
3.8158, 0.93229
2.989, 1e+020
2.2278, 1e+020
3.8282, 0.952668
1.5256, 1e+020
1.9906, 1e+020
2.5522, 1e+020
2.702, 1e+020
3.7784, 0.946302
4.0278, 1.11662
2.0218, 1e+020
4.056, 1e+020
3.8002, 1.23177
3.8376, 1.24277
1.0796, 1e+020
3.9874, 1.26951
3.7876, 1.08196
4.0312, 1.04706
1.8782, 1.21988
3.51, 1e+020
1.323, 1e+020
3.4662, 1e+020
2.7082, 1e+020
1.1076, 1e+020
2.028, 1e+020
3.691, 1.18236
3.7722, 1.28055
3.9436, 1.22714
4.0468, 1.30982
4.1152, 1.28392
1.1668, 1e+020
3.5726, 1.07149
1.1824, 1e+020
3.9312, 1.22549
3.404, 1e+020
1.5632, 1.45143
3.744, 1.0593
3.9874, 1.37654
2.8704, 1e+020
3.6442, 1.07049
3.6908, 0.976628
3.8128, 1.02903
3.638, 0.938036
3.6254, 0.94127
3.5786, 0.965128
3.7098, 0.926881
3.9312, 0.9795
3.6536, 0.985858
1.2354, 1e+020
3.7502, 1.00279
4.0156, 0.947163
3.7222, 1.01104
0.131, 1e+020
3.6442, 0.981699
3.7222, 0.979648
3.797, 0.949012
3.5412, 0.981336
3.6504, 0.968346
1.56, 1e+020
1.638, 1e+020
1.2168, 1e+020
3.8314, 1.03841
3.8938, 1.24314
3.691, 1.02227
3.9594, 1.06242
1.2822, 1e+020
3.8502, 0.980979
3.3976, 1e+020
3.4882, 0.935004
3.4882, 1e+020
3.6942, 1.0124
3.9624, 1.19851
3.6316, 1.13902
3.1982, 1e+020
3.7502, 0.982191
3.6036, 0.951636
3.7408, 1.04132
3.8222, 1.01752
4.0374, 1.32394
3.925, 1.31236
4.081, 1.35715
4.0404, 1.11049
4.2712, 1.28081
3.741, 1.02419
4.0186, 1.30798
2.2962, 1e+020
3.532, 1e+020
4.0528, 1.29576
3.7378, 1.04352
3.6942, 1.04863
3.669, 1.00039
3.6006, 0.977518
3.6628, 0.994793
3.4446, 0.991453
3.7534, 0.999653
3.9156, 1.1384
3.9218, 1.07397
3.7784, 0.951571
3.5786, 0.964272
0.3964, 1e+020
2.4272, 1e+020
3.716, 1e+020
3.7534, 0.993924
3.7566, 1.08601
3.7408, 1.10107
3.6692, 1.04906
3.9842, 1.04381
4.1434, 1.14809
3.6942, 0.970636
3.8626, 1.03336
3.7814, 0.979826
3.8314, 1.03806
3.8126, 0.965526
3.8844, 1.076
3.9532, 1.01366
3.7752, 1.01701
3.7128, 1.05538
3.6348, 1.08539
3.5724, 0.982013
3.5974, 0.945615
3.6286, 0.948218
2.2964, 1e+020
3.8594, 1.07402
3.8032, 1.02512
4.0468, 1.10426
3.9874, 1.33023
3.7128, 1.01503
3.9748, 1.22415
3.7566, 0.914065
3.0732, 1e+020
4.081, 1.09487
3.9748, 1.2169
3.9312, 1.14764
3.947, 1.05083
3.7596, 1.04313
3.7596, 1.01176
3.9592, 1.06009
1.6942, 1e+020
3.6254, 1e+020
3.6036, 1.08617
3.6972, 0.996612
3.8096, 0.979117
3.8626, 1.12761
3.7346, 1.21762
4.0716, 1.11334
3.688, 1.00672
3.769, 1.01996
3.7564, 1.0194
1.3354, 1e+020
3.9812, 1.39708
4.162, 1.64277
3.8284, 1.03028
3.8002, 1.27627
4.1058, 1.09596
3.9094, 1.35296
3.8782, 1.09847
3.663, 0.995464
3.7908, 1.11877
3.7846, 1.03694
4.134, 0.972713
4.0934, 1.20254
3.6036, 1.03188
1.2356, 1e+020
3.85, 1.04967
3.9718, 1.02723
3.8314, 1.04644
1.9408, 1e+020
3.9, 1.04176
3.5724, 0.998993
2.1558, 1.17205
3.9812, 1.11732
3.6786, 1.05167
3.8032, 1.03211
3.8564, 1.05624
0.7144, 1e+020
0.3994, 1e+020
3.794, 1.10667
4.0654, 1.198
3.716, 1.05016
3.9468, 1.06326
0.496, 1e+020
3.8158, 1.05394
3.6942, 1.04118
4.0184, 1.00752
2.1342, 1e+020
1.457, 1e+020
3.8814, 1.14004
4.0122, 1.39011
3.8876, 1.23009
4.0062, 1.27157
3.9748, 1.57964
3.7472, 1.15543
1.2512, 1e+020
3.797, 1.19852
3.719, 1.10127
3.8594, 1.35519
0.9392, 1e+020
3.7752, 1.01401
3.6036, 1.07497
4.262, 1.26455
4.2244, 1e+020
3.844, 1.32006
3.9654, 1.1426
3.9624, 1.39662
3.5944, 1.02836
4.031, 1e+020
4.2806, 1.41043
4.1122, 1.46397
3.6692, 1.05552
3.5942, 1.0557
3.8814, 1.0939
1.585, 1e+020
3.7316, 1.02632
3.9936, 1.10743
3.9436, 1.11517
4.2246, 1.27208
3.6754, 1.08345
3.8626, 1.10366
3.7376, 1.1193
3.8034, 1.13192
3.8438, 1.08276
1.2886, 1e+020
3.9344, 1e+020
3.7346, 1.03304
3.9376, 1.20721
3.953, 1.03049
3.7658, 1.14692
4.0778, 1.20756
3.6474, 0.996494
4.0218, 1.17662
4.1184, 1.23915
3.8282, 1.11936
0.5366, 1e+020
3.6474, 1.03946
3.2198, 1e+020
0.3494, 1e+020
3.769, 0.991576
3.7564, 0.997203
3.9094, 1.06178
2.0686, 1e+020
3.7472, 0.984945
4.0186, 1.12573
2.8828, 1e+020
3.7628, 1.03391
3.4226, 0.965792
3.5226, 0.974316
3.616, 0.922914
3.2418, 1e+020
3.4694, 0.91873
3.5724, 0.913002
3.5912, 0.937993
3.5068, 0.93681
3.4478, 0.843276
3.4662, 0.976977
3.7316, 1.08798
3.7222, 0.964643
0.4774, 1e+020
4.0092, 1.12491
3.1294, 1e+020
2.6146, 1e+020
3.51, 0.981748
3.6568, 1e+020
3.4538, 1e+020
3.6722, 1.00025
4.1466, 1.32314
3.5444, 1e+020
3.928, 1.04128
0.365, 1e+020
0.7894, 1e+020
2.9298, 1e+020
3.669, 1.00592
3.8314, 1.02787
0.3714, 1e+020
2.2464, 1e+020
3.9406, 1.0384
3.0264, 1e+020
4.006, 1.22853
3.7784, 0.987779
2.6894, 1e+020
0.3432, 1e+020
3.8564, 1.10717
3.9436, 1.16767
1.2854, 1e+020
4.3244, 1.40356
3.5444, 0.963677
3.7752, 0.973667
3.6692, 1.01211
3.7502, 0.90932
2.8454, 1e+020
3.6412, 1e+020
1.8626, 1e+020
3.5724, 1.09095
3.4382, 0.853407
3.5974, 0.941314
3.6318, 1.03128
3.7128, 0.996518
3.6348, 1e+020
3.8688, 0.930329
3.9188, 0.967962
4.3712, 1.31744
3.8844, 1.03404
3.8376, 0.925671
2.1028, 1e+020
3.925, 0.936534
2.5616, 1e+020
3.8968, 1.12023
3.9748, 1.03894
3.8408, 0.942049
3.6692, 0.958072
3.6722, 0.928843
0.4026, 1e+020
1.0732, 1e+020
2.8112, 1.37927
3.8314, 1.09908
4.0996, 1.08613
3.7098, 1.05825
0.3712, 1e+020
1.1606, 1e+020
0.1312, 1e+020
3.7782, 1.22968
2.886, 1e+020
3.844, 1.27727
3.8718, 1e+020
3.5632, 1.05999
3.8282, 1.06435
2.8954, 1e+020
3.9686, 1.22304
3.9874, 1.08995
2.0124, 1e+020
3.8626, 1.28029
1.3542, 1e+020
1.7128, 1e+020
3.8814, 1.22974
3.613, 0.962427
3.3664, 0.896198
3.9344, 1.0773
3.8782, 1.105
3.7128, 0.975686
3.8188, 0.940114
3.6942, 0.913386
3.563, 1.05681
3.6848, 1.00605
3.666, 1.16003
3.5818, 1.002
1.666, 1e+020
3.8096, 0.986376
4.0186, 0.955065
3.8188, 1.09243
3.5818, 1.01621
3.9312, 1.06191
2.6146, 1e+020
3.6006, 0.999441
2.0092, 1e+020
1.6192, 1e+020
3.7908, 1.14167
3.6754, 1.03969
3.6692, 1e+020
0.6116, 1e+020
2.0872, 1e+020
4.3462, 1.3347
1.142, 1e+020
0.8204, 1.5008
3.9158, 1.24814
3.7158, 1.23379
4.1154, 1.27274
3.85, 1.13654
3.9624, 1.27113
4.0592, 1.14298
0.3776, 1e+020
3.7502, 1.07656
4.0748, 1.24238
4.0092, 1.16044
0.3806, 1e+020
3.8876, 1.23445
3.8594, 1.19363
2.8986, 1e+020
2.0124, 1e+020
0.3588, 1e+020
2.9484, 1e+020
3.092, 1e+020
0.3712, 1e+020
4.1246, 1.29511
3.7066, 0.93315
3.9562, 1.0421
0.6272, 1e+020
3.85, 1.02901
3.666, 0.955198
0.128, 1e+020
3.8438, 1.03081
3.5756, 0.982151
2.315, 1e+020
3.897, 1.06543
3.5756, 0.984369
3.8656, 1.11095
3.5818, 0.970557
3.7502, 0.964363
3.585, 1.04037
3.6224, 1.0605
0.9048, 1e+020
4.396, 1.33871
3.819, 1.01672
2.4492, 1e+020
3.8594, 0.957916
3.8532, 1.16939
2.9702, 1e+020
3.2886, 1e+020
0.4804, 1e+020
3.5944, 1e+020
3.8314, 1.08705
1.4756, 1.15922
3.8814, 1.22559
1.4008, 1e+020
4.159, 1.24595
2.652, 1e+020
3.8564, 1.20747
3.9968, 1.15645
3.07, 1e+020
1.1638, 1e+020
0.3526, 1e+020
0.365, 1e+020
0.3682, 1.61256
2.7362, 1e+020
0.6458, 1.93403
1.089, 1e+020
3.9624, 1.26208
0.3618, 1e+020
1.8222, 1e+020
1.223, 1.46772
1.8782, 1e+020
1.9158, 1e+020
3.8876, 1.20188
3.7346, 1.02203
3.6504, 1.02803
3.7752, 0.905498
3.6972, 0.992514
3.5756, 0.944603
2.3182, 1e+020
3.8002, 0.955384
3.8562, 1.03325
3.5164, 0.912728
3.8844, 1e+020
2.6894, 1e+020
3.6318, 0.897988
3.7814, 0.960621
0.131, 1e+020
3.8782, 1.08368
3.6536, 1.03714
3.9592, 1.15221
4.159, 1.39751
0.8706, 1e+020
4.006, 1.30545
4.237, 1.38477
3.7222, 0.949287
0.8394, 1e+020
3.8344, 1.00498
3.7878, 1.0451
3.7128, 0.964908
4.134, 1.03285
3.9592, 1.04214
3.7036, 1.02167
0.6552, 1e+020
3.9592, 1.21553
4.368, 1.36192
4.0498, 1.07153
3.56, 1.07361
2.4616, 1e+020
0.1248, 1e+020
4.0592, 1.0734
3.9376, 1.09975
0.521, 1e+020
3.6004, 1e+020
3.56, 1e+020
1.8844, 1e+020
0.1248, 1e+020
3.5944, 0.995501
0.5772, 1e+020
3.875, 1.21924
4.159, 1.02658
3.9656, 1.25829
0.6022, 1e+020
3.435, 0.885219
3.5974, 0.98376
3.925, 0.949718
3.7128, 0.936965
3.6692, 0.97281
3.7658, 0.952599
2.0062, 1e+020
3.7034, 0.98504
3.663, 1.07178
3.6786, 0.957943
3.7908, 0.962853
3.6222, 0.975136
3.638, 0.967003
2.2932, 1e+020
4.0778, 1.30577
3.794, 1.08956
3.8314, 1.09921
3.8502, 1.23092
4.1496, 1.0686
3.8158, 0.977435
1.3728, 1e+020
2.5864, 1e+020
3.5476, 0.953015
4.1214, 1.01502
3.7378, 1.02606
3.8938, 1.04731
3.9374, 1.48404
3.7658, 1.23293
1.2574, 1e+020
1.323, 1e+020
3.9406, 1e+020
3.3728, 1e+020
0.5242, 1e+020
4.215, 1.06885
2.3994, 1e+020
3.7628, 1.08884
3.1012, 1e+020
4.2464, 1.33667
4.0904, 1.20565
3.9718, 1.06476
0.652, 1e+020
4.2682, 1.00858
3.5288, 1e+020
1.7596, 1e+020
0.1248, 1e+020
4.1278, 1.17163
4.287, 1.1868
3.8968, 1.22335
4.1746, 1.38745
4.028, 1.113
3.6222, 1.02641
3.638, 1.01419
3.7502, 1.04505
3.6442, 1.21789
3.454, 0.974375
3.5474, 0.953474
3.7534, 0.97549
3.7316, 1.19865
4.1652, 1.46563
3.744, 1.1427
3.794, 0.984353
3.7628, 1.00043
3.8656, 1.18197
3.8222, 1.08471
4.0872, 1.31557
3.747, 0.935694
3.7348, 1.02799
3.7938, 1.05572
3.5288, 0.979796
2.7144, 1e+020
2.911, 1e+020
4.0998, 1.39306
4.1184, 1.43881
3.9032, 1.10421
4.0716, 1e+020
3.8562, 1.05424
3.925, 1.11953
3.7846, 1.03365
3.9562, 1.02655
3.5132, 0.936338
3.8188, 1.03276
4.1902, 1.41756
4.0684, 1.20829
3.9906, 1.28255
3.7128, 1.00742
0.128, 1e+020
3.9998, 1.05692
3.8314, 1.11092
0.518, 1e+020
3.928, 0.970355
4.106, 1.11265
3.5942, 1.1184
2.9516, 1e+020
3.8688, 1.06094
2.7144, 1e+020
3.9812, 1.11735
3.9218, 1.0703
3.8034, 0.987717
3.5786, 0.942743
2.471, 1e+020
2.0188, 1e+020
3.6628, 1e+020
4.2246, 1.09288
3.953, 0.919205
3.6442, 0.927816
3.7378, 1.0377
3.7534, 0.957461
3.6378, 0.9779
2.1372, 1e+020
0.3994, 1e+020
3.5818, 0.848202
3.8158, 0.968032
3.9218, 1.11632
3.4852, 0.935325
3.8718, 1.13949
3.6412, 1.06204
3.8564, 1.09455
3.5192, 0.963368
3.9158, 1.10099
4.0372, 1.17583
3.6286, 1.0477
1.8034, 1e+020
2.1872, 1e+020
3.566, 0.953147
3.8346, 1.08184
3.616, 0.981542
2.0312, 1e+020
3.847, 1.1309
0.6022, 1e+020
3.928, 1.19259
0.9892, 1e+020
3.8594, 1.12432
3.148, 1e+020
3.897, 1.13494
3.7316, 1.07549
3.8282, 1.05836
2.4898, 1e+020
0.649, 1e+020
3.847, 1.21736
3.067, 1e+020
3.8344, 1.11892
3.8626, 1.07148
4.0498, 1.24405
3.9968, 1.19596
4.159, 1.16091
3.8688, 1.0923
0.4306, 1e+020
3.644, 0.946017
3.7004, 0.961158
3.9468, 0.972119
3.8814, 1.19026
3.5756, 0.936779
3.8094, 1.02588
0.131, 1e+020
0.624, 1e+020
1.1234, 1e+020
1.2292, 1e+020
3.8158, 1.04711
3.666, 0.907429
3.6442, 0.992626
3.563, 0.958961
3.6848, 1.02971
3.7066, 0.976252
1.7472, 1e+020
3.6536, 0.971653
3.6846, 0.949307
3.922, 0.932741
2.2402, 1e+020
3.8468, 1.02867
1.4198, 1e+020
2.8828, 1e+020
3.7034, 1.04716
0.3682, 1e+020
2.6396, 1e+020
3.9874, 0.955621
1.9218, 1e+020
1.4446, 1e+020
3.95, 0.969373
3.638, 1.02245
4.0434, 1.06795
3.691, 1.03649
3.872, 1.11611
3.978, 1.2957
3.8034, 1.18332
3.9, 1.15788
3.8626, 1.17202
3.925, 1.1591
4.1184, 1e+020
3.2666, 1e+020
0.7926, 1e+020
4.1682, 1.06382
0.7738, 1e+020
3.8314, 1.16678
3.8064, 1e+020
3.7378, 1e+020
0.3932, 1e+020
0.5272, 1e+020
1.8782, 1e+020
3.7504, 1.06281
3.8688, 1.01212
3.4288, 0.834519
3.8596, 1.03422
3.8782, 0.985732
3.7098, 0.96093
1.8034, 1e+020
3.875, 1.10157
3.588, 1e+020
3.4476, 1e+020
3.5538, 0.867165
0.6396, 1e+020
0.5958, 1e+020
3.9344, 1.1787
3.9562, 1.11036
0.4244, 1e+020
4.1526, 1.21961
2.7832, 1e+020
3.722, 0.937117
3.9032, 1e+020
3.7908, 1.03262
1.167, 1e+020
3.5848, 0.9218
3.56, 1.10272
3.772, 1.11465
3.7878, 0.918823
3.8096, 0.913338
4.0716, 1.11423
1.2106, 1e+020
3.9312, 1.10304
3.6442, 1.03156
3.3228, 1e+020
3.7066, 1.03605
3.6566, 0.973491
3.6848, 1.04539
0.5148, 1e+020
0.1278, 1e+020
3.8222, 0.954472
0.4992, 1e+020
0.6208, 1e+020
1.9718, 1.15858
3.1326, 1e+020
1.2292, 1e+020
4.1372, 1.23703
3.8938, 1.09607
4.0498, 1.28946
3.6472, 1e+020
3.4726, 0.951704
1.2324, 1e+020
3.5724, 0.943797
3.5788, 0.899248
3.591, 0.985416
3.663, 0.913274
3.588, 0.969188
2.652, 1e+020
0.6958, 1e+020
1.0358, 1e+020
3.8438, 1.01576
3.897, 0.933459
3.9374, 0.968723
4.3244, 1.02029
3.485, 0.84083
1.2856, 1e+020
3.4974, 0.910901
2.989, 1e+020
4.2496, 1.17542
0.496, 1e+020
4.1684, 1.07812
3.8282, 1.17808
3.9998, 1.22587
0.6958, 1e+020
3.666, 1.03515
3.95, 1.33326
4.0966, 1.07359
3.9032, 1.31497
1.2542, 1e+020
3.5942, 0.964443
2.44, 1e+020
3.6504, 1.0014
1.3634, 1e+020
3.822, 1.05282
3.5132, 0.989158
1.351, 1e+020
3.9998, 1.21432
2.8736, 1e+020
2.5396, 1e+020
1.9532, 1.19283
3.925, 1.15127
3.7596, 0.977734
2.1778, 1e+020
4.059, 1.2214
0.3776, 1.57211
3.9, 1.22132
3.9594, 1.16636
4.0466, 1.09415
4.0592, 1.20984
3.9748, 1.07905
3.7128, 0.911122
3.8002, 0.987409
3.9812, 1.07144
3.9156, 1.07956
3.6162, 0.914969
3.7002, 0.9544
3.6224, 0.961835
2.4118, 1e+020
1.248, 1e+020
0.128, 1e+020
3.8656, 1.0397
4.0092, 1.0266
0.131, 1e+020
0.4962, 1e+020
3.6068, 0.97191
0.1248, 1e+020
0.1278, 1e+020
3.613, 1.02274
3.7846, 0.909537
0.8518, 1e+020
2.6894, 1e+020
3.4976, 1e+020
3.847, 1.20726
2.1996, 1.29265
3.6224, 0.945112
4.1246, 1.1506
3.9406, 1.06107
3.9062, 1.27119
3.769, 1.1916
1.8346, 1.24176
3.8252, 1.20075
3.925, 1.15699
3.8406, 1.13375
4.0218, 1.14244
3.6098, 1.31894
3.7752, 1.13101
1.1826, 1e+020
4.368, 1.38722
0.961, 1e+020
0.368, 1e+020
2.1998, 1e+020
1.1418, 1e+020
1.1108, 1.67012
0.8642, 1e+020
0.6584, 1e+020
0.3774, 1e+020
3.6598, 1.10032
3.8596, 1.19247
3.4944, 0.985167
3.5442, 0.952185
3.7036, 0.945454
3.7284, 0.922804
3.5724, 0.887277
3.6628, 1.00682
3.688, 0.935999
3.7222, 1.00351
3.8188, 1.22013
1.925, 1e+020
3.7442, 0.883261
3.719, 1.01542
1.2636, 1e+020
0.8548, 1e+020
2.908, 1.17918
3.5692, 1.01011
1.922, 1e+020
3.9406, 0.985684
3.9374, 1.38256
3.744, 0.956203
3.7378, 0.91635
3.8282, 1.19297
3.6006, 1.03413
3.9094, 1.01903
3.7004, 1.03661
3.8688, 0.992111
0.1278, 1e+020
3.716, 0.890084
4.0154, 0.937908
4.1746, 1.23236
3.8284, 1.07321
3.8906, 1.18941
0.9984, 1e+020
3.9998, 1.29192
4.2184, 1.3442
4.0372, 1e+020
4.159, 1.15473
4.0466, 1.27189
3.9314, 1.17275
4.3212, 1.07553
4.3742, 1.56225
4.2152, 1.13803
1.3914, 1e+020
3.8846, 1.09933
0.7488, 1e+020
4.3212, 1.41026
1.198, 1e+020
4.0404, 1.02521
3.9376, 1.22967
1.9592, 1e+020
3.5258, 0.943124
3.669, 1.0125
3.5632, 0.931017
3.6442, 0.999031
3.6504, 0.974188
3.6628, 0.882968
1.17, 1e+020
3.6536, 1.01217
3.8532, 1.24053
3.6442, 0.996514
3.6784, 1.11627
3.6568, 0.925335
3.8376, 0.934382
3.9188, 1.02177
3.5224, 1e+020
1.9938, 1e+020
3.747, 1.12719
3.7284, 0.947059
3.557, 0.971375
3.7158, 1.00457
3.6348, 1e+020
3.8408, 1.18734
2.8766, 1e+020
3.791, 1.03659
2.5302, 1e+020
3.613, 0.961718
3.9874, 1.10272
4.0966, 1.32588
3.9312, 0.996371
4.0934, 1.67055
3.9406, 1.02045
3.95, 1.22274
0.128, 1e+020
4.0716, 1.37855
3.6878, 1.1067
4.1652, 1.0288
4.187, 1.19775
0.493, 1e+020
3.9312, 1.09445
4.1122, 1.24877
3.666, 0.862086
3.6504, 0.992508
3.9936, 1.38475
2.5742, 1e+020
1.3634, 1.44436
4.0092, 1.01938
3.7066, 0.982015
3.6598, 1.07838
3.8688, 1.01513
3.5818, 0.842504
4.003, 1.07614
3.6846, 0.911675
3.9002, 1.01504
0.7518, 1e+020
3.5632, 0.874718
3.332, 1e+020
1.7878, 1e+020
1.9376, 1e+020
3.7408, 1.08364
3.6162, 0.939741
3.3914, 1e+020
3.8252, 1.02978
3.482, 1e+020
3.7502, 1.03052
2.886, 1e+020
0.5928, 1e+020
3.6692, 1e+020
3.5818, 1e+020
1.1106, 1e+020
3.8128, 1.04489
3.7846, 1.02998
1.1262, 1e+020
3.4664, 0.84938
3.6006, 1.00073
3.719, 0.907876
3.8314, 0.993094
3.9342, 1.0718
0.7426, 1e+020
3.844, 0.959561
1.1606, 1e+020
3.8782, 1.13606
3.794, 0.994605
3.7938, 1.12977
2.1248, 1e+020
0.6022, 1e+020
3.8188, 1.01704
1.351, 1e+020
4.1466, 1.31979
3.8562, 1.07465
3.8814, 1.17716
3.7658, 1.04598
3.9438, 1.10458
2.081, 1e+020
2.0654, 1e+020
3.9188, 1.22794
2.287, 1e+020
1.4134, 1e+020
3.7596, 0.983176
3.5974, 0.903334
1.9406, 1e+020
3.7472, 1.05088
0.5148, 1e+020
0.1278, 1e+020
3.741, 0.985388
3.7346, 1.09198
3.4664, 1e+020
3.6972, 0.959199
3.4446, 1e+020
3.5474, 0.912883
2.7674, 1e+020
3.6254, 0.917205
3.6942, 0.919692
3.5318, 0.949725
3.4882, 1e+020
3.7378, 1.13436
2.3088, 1e+020
4.0872, 1.08348
4.2152, 1.20491
2.2558, 1e+020
3.5412, 1e+020
3.641, 0.963904
2.8518, 1e+020
3.6878, 0.966166
3.5818, 1.00186
2.9734, 1e+020
3.7534, 0.96675
2.0498, 1e+020
3.716, 1.05622
3.2542, 1e+020
3.772, 1.01439
3.8252, 0.985735
3.875, 0.869411
3.8096, 1.07567
4.003, 1.24781
3.872, 1.05767
0.4274, 1.16417
1.5038, 1e+020
0.5118, 1e+020
1.1886, 1.37837
3.794, 1.12909
3.8782, 1.2033
0.78, 1e+020
3.9998, 1.14207
0.4494, 1e+020
3.9062, 1.09203
3.0358, 1e+020
3.5756, 1e+020
3.85, 1.07593
3.6472, 0.848228
3.8938, 0.907487
3.8814, 0.898388
4.1028, 1.04861
4.0124, 1e+020
3.7376, 1.0297
3.6662, 0.846617
2.0718, 1e+020
3.7284, 0.94116
3.9842, 1e+020
3.56, 0.935868
3.7628, 0.916276
1.2604, 1.01233
0.1248, 1e+020
0.649, 1e+020
2.1496, 1e+020
1.7004, 1e+020
0.5492, 1e+020
4.2152, 1.08765
3.6534, 0.933173
0.6522, 1e+020
3.8968, 1.06168
4.081, 1.09843
3.8564, 1.11959
3.6848, 0.984751
3.6098, 0.912815
1.741, 1e+020
3.7066, 0.940106
3.6378, 0.910981
3.6006, 1.03603
3.9374, 1.02585
2.1934, 1e+020
3.8252, 1.0177
4.0528, 0.975994
3.897, 1.03861
4.0592, 1.08222
1.3478, 1e+020
3.7784, 0.882422
3.4476, 1e+020
2.6926, 1e+020
0.6738, 1e+020
1.245, 1e+020
1.9062, 1e+020
1.1358, 1e+020
2.3212, 1e+020
2.7394, 1e+020
3.844, 1.17552
3.7596, 1.05344
0.4804, 1e+020
3.6536, 0.891812
0.4992, 1e+020
3.638, 0.87017
3.8874, 1.14719
3.7254, 0.913015
3.6348, 0.931668
3.3852, 0.914539
3.9686, 1.02978
3.5132, 0.90735
2.031, 1e+020
3.7566, 0.934398
0.911, 1e+020
3.8126, 0.933867
3.9468, 1.12919
3.7534, 0.987698
4.0062, 1.17004
4.1558, 1.26361
2.5398, 1e+020
0.131, 1e+020
3.8252, 1.12506
1.3602, 1e+020
3.6504, 1.07961
4.0218, 0.974734
3.9, 1.10073
0.9266, 1e+020
3.8034, 0.98715
2.0498, 1e+020
3.8844, 1.03246
3.7596, 1.05421
4.0654, 1.15156
1.351, 1e+020
2.9016, 1e+020
3.897, 0.927532
4.084, 1.09833
3.7348, 0.961023
0.4804, 1e+020
0.6864, 1e+020
0.4586, 1e+020
3.6816, 1e+020
1.1482, 1e+020
4.2214, 1.18968
3.0762, 1e+020
4.025, 1.15964
3.8844, 0.9577
3.9686, 1.00361
4.0622, 1.20534
3.9468, 1.14426
3.691, 0.925063
3.7722, 1.07949
3.6316, 1e+020
3.8002, 1.09057
3.7284, 1e+020
0.128, 1e+020
1.0484, 1e+020
2.134, 1.05403
3.5382, 0.964512
3.6472, 1e+020
1.9562, 1e+020
3.8314, 0.975471
3.8814, 1.00724
3.5568, 0.958977
3.5162, 1.02435
3.4632, 1.01016
3.4478, 0.920103
3.719, 1.11609
3.8594, 1.16137
4.0218, 1.24893
3.9156, 1.02297
3.6692, 1.04365
4.0404, 1.2013
0.443, 1e+020
3.7252, 1.06943
2.9142, 1e+020
2.936, 1e+020
3.8906, 0.960038
2.6332, 1e+020
3.8284, 1.00715
3.9436, 1.19061
3.145, 1e+020
3.9594, 1.01549
2.0466, 1e+020
4.2838, 1.20068
3.7752, 1.03343
4.1466, 1.34639
4.0498, 1.12897
3.7034, 1.05969
3.6348, 0.92834
2.3026, 1e+020
0.7614, 1e+020
0.3806, 1e+020
3.716, 1.13035
3.9498, 1.1822
3.9874, 1.09583
2.2994, 1e+020
2.0718, 1e+020
4.343, 1e+020
0.805, 1e+020
3.9218, 1.19577
1.922, 1e+020
3.6068, 0.94186
2.0966, 1e+020
3.6442, 0.907592
3.6192, 0.97664
3.666, 1e+020
2.0342, 1e+020
2.8612, 1.27773
2.4616, 1e+020
3.8284, 1.0602
1.2542, 1.15336
3.9344, 1.05723
3.8282, 1.07994
3.9842, 1.03979
3.8158, 1.00325
4.2276, 1.29199
0.599, 1e+020
2.9174, 1.2252
4.0342, 1.28204
3.7908, 1.08395
3.613, 1.13399
3.8282, 1.07012
4.0436, 1.02754
3.8438, 1.09512
3.7472, 0.927986
4.3398, 1.26671
3.9844, 1.07431
3.719, 1.08421
3.875, 1.13687
2.4804, 1e+020
3.975, 1.15705
3.3884, 1e+020
3.8594, 1.01441
3.7378, 1.15591
3.7128, 1.11622
1.042, 1e+020
3.6038, 1.00376
1.2012, 1e+020
3.8782, 1.2318
3.6036, 1.01914
1.7472, 1e+020
3.7908, 1.18319
0.3588, 1e+020
4.0592, 1.12973
1.9406, 1e+020
1.95, 1e+020
3.7004, 1.01531
1.1138, 1e+020
3.3914, 0.921677
3.5538, 0.878291
3.588, 0.909523
3.978, 1.35267
3.4132, 1.00288
1.114, 1e+020
0.886, 1e+020
1.6286, 1e+020
0.1248, 1e+020
2.5928, 1e+020
4.0466, 1.4875
3.978, 1.33542
4.0998, 1.42193
4.3556, 1.38111
0.1248, 1e+020
1.6536, 1e+020
4.3056, 1.44722
3.7346, 0.937984
4.131, 1.51187
4.2026, 1.42774
1.9562, 1e+020
3.7566, 1.08919
0.652, 1e+020
3.9624, 1.14371
3.7346, 1.04008
4.0654, 1.21628
3.741, 0.94757
4.1714, 1.44327
4.0374, 1.19521
1.3852, 1.44725
4.056, 1.34252
4.1248, 1.3602
3.9374, 1.20124
3.7378, 0.916652
1.3416, 1e+020
4.3712, 1.64066
2.2214, 1e+020
4.1184, 1.53871
1.0888, 1e+020
4.1966, 1.54607
1.0794, 1.7491
4.2432, 1.24725
0.2902, 1e+020
4.3556, 1.24555
3.8876, 1.10043
3.4912, 1e+020
1.4384, 1e+020
3.7876, 1.14482
0.624, 1e+020
3.7752, 0.992591
3.7784, 0.983093
3.4384, 0.855515
3.7346, 0.891673
3.7316, 0.990347
3.7596, 0.894063
3.7846, 1.01363
2.1932, 1e+020
3.7036, 0.928743
3.563, 0.90085
3.741, 1e+020
3.8812, 0.946969
3.6504, 0.904
3.8252, 1.044
3.4476, 1e+020
3.7908, 0.966961
3.6192, 1.00117
2.9236, 1e+020
1.2854, 1e+020
3.6566, 0.996597
3.6722, 0.941963
3.5974, 0.898472
1.9064, 1e+020
3.8034, 1.01015
3.719, 0.90789
3.9624, 1.07194
3.638, 0.957982
3.0076, 1e+020
3.2136, 1e+020
3.8688, 0.972869
3.869, 1.0147
3.3914, 1e+020
3.613, 1e+020
3.8032, 0.996833
0.5898, 1e+020
0.5958, 1e+020
4.1528, 1.25213
2.8922, 1e+020
0.8332, 1e+020
3.8002, 1.19866
4.1682, 1.34399
3.7752, 1.13518
4.0624, 1.18252
3.9718, 1.09757
0.6676, 1e+020
3.1482, 1e+020
4.2026, 1.24769
3.9748, 1.16229
0.9548, 1e+020
0.5398, 1e+020
1.4664, 1e+020
2.836, 1e+020
3.6506, 1e+020
3.7596, 1.21685
1.585, 1e+020
3.9748, 1.03552
3.7658, 1.01138
1.5538, 1e+020
3.6192, 1e+020
1.9812, 1e+020
3.635, 0.798207
3.8968, 1.03578
1.794, 1e+020
3.8158, 1.00194
3.8876, 1.03081
3.6846, 0.830704
3.713, 0.85019
3.7034, 0.899132
3.7876, 0.928803
3.8314, 0.927991
4.0842, 1.0135
3.875, 0.970132
3.535, 0.842549
3.7752, 1.09861
1.4258, 1e+020
1.66, 1e+020
2.9296, 1e+020
3.3728, 1e+020
3.613, 0.887324
3.8438, 1.00194
1.245, 1e+020
3.9654, 1.05558
1.9314, 1e+020
3.7502, 0.990309
3.9, 0.992016
3.9376, 1.03975
3.8034, 1.02602
3.978, 1.11725
1.8408, 1e+020
1.1668, 1e+020
3.0484, 1e+020
2.7518, 1e+020
3.7876, 1.07126
3.6162, 1.01094
3.9718, 1e+020
1.6192, 1e+020
2.2996, 1e+020
3.8968, 1.05916
1.3416, 1e+020
1.947, 1e+020
3.8126, 0.917449
3.7752, 0.910361
2.031, 1e+020
2.0156, 1.20343
3.7752, 1.00252
3.6692, 0.95919
3.6784, 0.918736
3.61, 0.874109
3.666, 0.955624
3.8626, 0.93088
3.9904, 0.995051
3.7596, 1.06647
3.7534, 1.06349
3.9968, 1.03728
1.432, 1e+020
3.975, 1.14995
3.7098, 0.92351
1.7908, 1e+020
2, 1e+020
3.953, 1.01503
1.8688, 1.1499
3.7972, 0.980794
2.1184, 1e+020
3.9468, 1.18149
3.5912, 1e+020
3.744, 0.905392
3.7254, 0.912464
0.6928, 1e+020
3.7752, 0.919934
2.599, 1e+020
4.0028, 1.1082
3.7316, 0.88615
3.5288, 1e+020
2.78, 1e+020
2.031, 1e+020
1.9282, 1.16783
3.6006, 0.860117
3.719, 0.996152
1.298, 1e+020
3.8874, 1.09527
1.3386, 1e+020
3.3228, 1e+020
3.9312, 1e+020
2.4866, 1e+020
4.0872, 1.15401
0.3964, 1e+020
2.2712, 1e+020
3.691, 0.876609
2.5304, 1e+020
3.8658, 1.01013
2.237, 1e+020
3.9344, 1.14818
0.755, 1e+020
2.0374, 1e+020
3.7814, 0.965099
2.1248, 1e+020
2.159, 1e+020
1.3354, 1e+020
3.8906, 1.09015
4.1652, 1.19439
4.0936, 0.975024
0.521, 1e+020
1.5474, 1e+020
3.8596, 1.06024
3.7096, 1.00673
0.3962, 1e+020
3.9438, 1.20132
0.1216, 1e+020
3.8876, 1.0257
0.4962, 1e+020
0.574, 1e+020
3.6472, 1.0039
1.3012, 1e+020
3.691, 0.931727
3.1294, 1e+020
1.5256, 1e+020
3.4976, 1e+020
2.4148, 1e+020
3.847, 0.925332
3.6786, 1.00123
3.616, 1e+020
0.5742, 1e+020
3.8094, 0.978977
2.3338, 1e+020
4.1278, 1.02684
4.0248, 1.08153
0.4868, 1e+020
3.872, 1.01218
3.7688, 1e+020
2.83, 1e+020
2.237, 1e+020
1.298, 1e+020
3.8718, 1e+020
3.95, 1.06943
4.0062, 1.04194
2.6146, 1e+020
3.7814, 0.988355
0.9422, 1e+020
3.6286, 184.048
3.7566, 183.672
4.1214, 1.73743
3.5912, 202.681
1.3416, 1e+020
3.9686, 1.11792
3.8158, 1.10815
3.9532, 0.99581
3.6566, 1.79798
3.7814, 200.506
3.4758, 190.241
3.8188, 1.11298
0.6522, 1e+020
4.059, 1.22923
4.078, 1.02757
3.9, 0.904209
2.1184, 1e+020
1.351, 1e+020
3.6972, 0.89661
3.7566, 1.01218
3.9374, 1.15644
3.9686, 1.15634
3.0734, 1e+020
3.7534, 1.02088
2.7892, 1e+020
1.1856, 1e+020
0.7612, 1e+020
1.9564, 1e+020
3.719, 1.05048
0.5616, 1e+020
0.3932, 1e+020
3.9966, 0.969375
1.6474, 1e+020
3.8596, 1.08184
0.521, 1e+020
3.8594, 1.15976
3.329, 1e+020
4.053, 1.21749
4.0372, 0.970268
2.6926, 1.17507
0.9798, 1e+020
1.9624, 1e+020
1.1888, 1.31333
3.8968, 1e+020
4.0312, 1.0067
3.7534, 0.900412
3.5974, 177.443
3.8874, 1.3594
3.5444, 1.88311
2.315, 1e+020
3.7004, 1.74484
3.563, 1e+020
4.1528, 1.71553
3.3884, 1.93172
3.6472, 1.68414
3.5662, 1.87871
3.092, 225.411
2.5678, 1e+020
3.8158, 1.9808
3.4038, 2.10715
3.7378, 0.98745
0.1218, 1e+020
3.7502, 1.09722
3.5444, 1.79915
3.5412, 2.11696
3.4102, 193.543
3.5474, 1.71623
1.298, 1e+020
4.0716, 1e+020
3.7658, 1.12289
3.6286, 1.01712
3.7472, 0.963385
3.8782, 1.05966
3.925, 195.926
1.3602, 1e+020
2.8924, 1e+020
3.8188, 1.05384
3.7222, 0.954002
2.9952, 1e+020
3.9656, 1.05122
4.2214, 1.01677
2.2744, 1e+020
3.8064, 1.08632
3.8002, 1.09186
3.9718, 1.01379
3.819, 1.03159
0.5928, 1e+020
4.2588, 1.34798
3.6098, 1e+020
3.8752, 1.08112
3.9124, 1.05488
1.3946, 1e+020
1.2074, 1e+020
1.4196, 1e+020
0.131, 1e+020
3.6598, 199.127
3.7752, 1.80081
3.6786, 182.617
3.847, 1.4128
3.925, 1e+020
3.1606, 1e+020
3.8158, 193.959
1.6348, 1e+020
3.9, 164.156
1.1108, 1e+020
3.719, 1.28756
3.663, 2.27709
0.2838, 1e+020
3.5382, 1.98127
0.2902, 1e+020
3.5786, 193.029
1.507, 1e+020
2.4086, 1e+020
0.9236, 1e+020
3.2698, 1.69697
3.4538, 200.186
3.772, 1.48062
0.1248, 1e+020
3.8252, 1.66838
3.6318, 1.76867
3.6442, 181.932
3.4476, 1.67593
3.3414, 1.79244
3.847, 1.08945
3.8064, 1.06509
0.5586, 1e+020
4.1434, 1.18525
3.5692, 1.27601
2.415, 1e+020
3.4164, 1.68159
3.978, 1.19522
1.092, 1.28787
3.6098, 0.909986
3.7378, 1.09573
1.5568, 1e+020
3.9094, 1.15428
0.000, 0.04, 0.21, 0.315, 0.46, 0.565
3.8158, 1.11543
3.8906, 1.1058
2.0374, 1e+020
4.078, 1.13055
3.641, 0.979818
2.134, 1e+020
3.7284, 1.05921
2.6926, 1e+020
2.2808, 1e+020
3.1418, 1e+020
2.8768, 1e+020
2.471, 1e+020
4.1714, 1.13523
4.237, 1.28918
4.0404, 1.23811
1.4602, 1e+020
3.2074, 1e+020
0.4118, 1.70303
4.5084, 1.69856
0.6928, 1.81714
3.797, 1.14011
3.6536, 1.19272
1.379, 1e+020
1.9594, 1e+020
3.7034, 0.848555
3.9344, 1.01212
3.7876, 0.969325
3.7036, 0.867673
4.0092, 0.948541
1.5694, 1e+020
1.5162, 1e+020
2.574, 1e+020
3.691, 0.981218
3.5632, 0.821608
3.8126, 0.957421
3.8158, 1e+020
0.6022, 1e+020
0.6926, 1e+020
3.6692, 0.868887
4.1744, 1.01169
3.7628, 1e+020
3.4008, 1e+020
4.2214, 1.16597
3.9, 1.01228
1.9096, 1e+020
3.85, 1.0301
3.4914, 1e+020
3.9562, 1.15276
3.4974, 0.812434
0.624, 1e+020
2.8174, 1e+020
1.1576, 1e+020
3.7096, 0.92701
3.067, 1e+020
3.61, 0.940182
3.8002, 0.920732
3.847, 1.06701
1.3104, 1e+020
3.4446, 0.864866
3.6816, 1.00069
1.6192, 1e+020
3.6504, 0.892469
3.6754, 0.860189
2.4118, 1e+020
4.1154, 1.23498
2.2276, 1e+020
3.897, 1.17153
4.156, 1.21338
3.925, 1.09983
4.3306, 1.25053
4.0124, 1e+020
0.6926, 1e+020
1.2512, 1e+020
1.3352, 1e+020
3.9314, 1.01396
0.7644, 1e+020
2.811, 1e+020
3.5944, 0.858768
2.8984, 0.981357
3.9156, 1.00841
3.8564, 1.05504
4.2494, 1.1927
4.028, 1.22487
0.5584, 1e+020
0.9236, 1e+020
3.8814, 1.0962
1.1574, 1e+020
3.56, 0.831049
0.5522, 1e+020
0.4026, 1e+020
0.521, 1e+020
3.7846, 0.976425
3.5568, 0.772246
3.613, 0.885705
3.8158, 0.883879
2.2994, 1e+020
3.6628, 0.895558
1.9188, 1e+020
3.5194, 0.924656
1.145, 1e+020
4.1216, 1e+020
3.8252, 1.06985
3.616, 0.846131
3.5538, 0.841263
3.7534, 0.981567
0.443, 1e+020
0.3868, 1e+020
3.6972, 0.876294
3.8284, 1.01452
3.5724, 0.841754
2.7488, 1e+020
3.7844, 0.896269
3.479, 0.896454
4.2056, 1.04588
1.894, 1.19543
3.588, 1e+020
3.7316, 1e+020
4.1964, 1.20476
2.3932, 1e+020
3.797, 1.02278
0.8112, 1e+020
2.836, 1e+020
3.5288, 0.87846
3.8626, 0.940424
4.1714, 1.05147
2.7862, 1e+020
3.8408, 1.04284
2.2244, 1.07185
3.7504, 0.84993
0.7052, 1e+020
1.9438, 1e+020
3.8938, 0.846136
0.5584, 1e+020
3.8376, 0.944155
3.741, 0.817723
2.0468, 1e+020
3.0638, 1.0456
3.6848, 0.94934
3.85, 0.964426
4.4086, 1.45849
3.7628, 0.972081
0.8174, 1e+020
3.8938, 0.983106
1.8814, 1e+020
4.0684, 1.03127
1.2636, 1e+020
4.0654, 1.03341
4.1528, 1.16133
2.6176, 1e+020
3.6754, 0.860285
0.5492, 0.925703
0.6458, 1e+020
2.1528, 1e+020
0.5024, 1e+020
4.1308, 0.998229
0.3744, 1e+020
1.9876, 1e+020
1.198, 1e+020
3.8844, 0.989899
3.7378, 0.88471
0.4244, 1e+020
2.733, 1e+020
2.387, 1e+020
1.3976, 1e+020
3.897, 1e+020
4.1684, 1.00975
0.5084, 1e+020
3.9064, 1.00651
4.1528, 0.977294
3.6908, 1e+020
3.6162, 177.383
3.5006, 187.976
3.7566, 188.333
3.6254, 191.285
3.6722, 1e+020
3.5414, 197.091
4.0372, 1.154
3.9874, 1.09806
3.5632, 192.786
3.5318, 179.677
3.5786, 196.373
3.7034, 2.0501
3.8034, 189.556
3.8096, 0.863064
1.3416, 1e+020
0.5304, 1e+020
3.6286, 180.173
3.7252, 176.39
3.8596, 177.084
2.24, 1e+020
3.3416, 1e+020
3.6536, 0.88419
3.0326, 1e+020
3.8658, 0.969284
0.8984, 1e+020
3.6318, 0.903259
0.8268, 1e+020
0.9266, 1e+020
3.9282, 1.00666
0.6022, 1e+020
3.9186, 1.01288
1.638, 1e+020
3.8596, 0.880973
3.7284, 0.846137
3.744, 0.914985
3.535, 0.818838
4.0716, 1.10369
3.7004, 0.943494
4.0498, 1.36843
2.209, 1e+020
3.6878, 0.935505
3.9062, 1.10207
4.0248, 1.07838
4, 0.924445
0.8392, 1e+020
2.3276, 1e+020
3.9874, 1.16913
1.276, 1e+020
3.2978, 1.89116
3.4414, 192.82
3.4414, 193.538
3.3696, 198.806
3.4632, 203.039
3.4228, 194.616
3.3726, 1.90895
3.6224, 1.04202
3.5662, 0.898993
3.4196, 200.943
3.457, 181.173
3.5536, 196.659
3.301, 1.89118
3.3634, 186.628
3.6254, 0.970848
3.2418, 1.82391
4.0498, 1.27683
3.382, 192.861
3.3136, 1.81352
3.4476, 195.633
3.6036, 193.376
3.6754, 0.956428
3.7566, 0.90302
3.6504, 1.00759
3.3976, 1.87658
3.301, 1.87215
3.7036, 1e+020
3.5412, 2.44709
0.6302, 1e+020
3.5724, 2.1859
3.5506, 199.236
3.7034, 0.965015
1.9344, 1e+020
3.3386, 1.95021
3.3352, 2.08212
3.7814, 0.899021
1.0734, 1e+020
1.6754, 1.53909
0.6146, 1e+020
0.7832, 1e+020
3.7846, 1e+020
3.4882, 190.579
0.4618, 1e+020
4.0746, 1.0668
3.7816, 1.03165
3.7158, 1e+020
3.6474, 2.36777
3.794, 209.556
3.8468, 0.94572
3.3822, 1.76865
3.1824, 1.76034
3.1106, 1.77746
3.2356, 1.71449
3.2166, 1.78769
3.3292, 1.72449
3.276, 1.75351
3.2666, 1.86276
3.3384, 1.7201
3.1294, 1.74725
3.2604, 1.72266
3.2668, 1.69333
3.2416, 1.7004
3.2604, 1.75141
3.2418, 1.79167
3.4538, 1.81223
3.304, 2.11864
3.0888, 1.75905
3.2886, 1.81054
3.4194, 1.72618
3.4228, 1.80548
3.7034, 0.965925
0.5584, 1e+020
4.2838, 1.17702
1.6474, 1e+020
3.1918, 1.70813
3.12, 1.7406
3.2262, 1.80765
3.747, 0.862993
3.4134, 1e+020
3.5256, 1e+020
1.4726, 1e+020
3.8938, 0.957196
3.6068, 1.06594
3.7128, 1.01749
2.7768, 1e+020
3.7346, 0.975358
3.6256, 1.0173
1.092, 1e+020
3.9436, 1.07702
3.691, 0.983592
3.8158, 0.933714
1.5506, 1e+020
2.8238, 1.19025
3.7346, 1.02496
3.7534, 0.933155
0.6022, 1e+020
4.1838, 1.13074
1.6038, 1e+020
3.9, 1.17394
3.7316, 1.12643
1.3508, 1e+020
3.5008, 0.994572
3.7472, 1.00311
3.6284, 0.9999
3.794, 1e+020
3.8252, 1.1549
3.8096, 1.0766
3.9218, 1.27287
3.9436, 1.14031
1.2918, 1e+020
0.599, 1e+020
2.8674, 1e+020
3.5662, 0.901859
2.081, 1e+020
3.7192, 1.07711
3.6378, 1e+020
3.6974, 1.05435
0.1278, 1e+020
3.9032, 1.11497
3.6348, 0.865655
1.3696, 1.11377
3.8534, 1.10383
4.0154, 1.34099
3.7408, 1.10877
0.128, 1e+020
0.1342, 1e+020
3.9062, 1.15882
3.7128, 1.08606
3.6724, 0.863719
3.6504, 1.02542
3.8594, 1.09407
1.198, 1e+020
3.7784, 1.09958
3.9282, 1.05675
4.212, 1.29779
3.8688, 1.04631
3.1106, 1e+020
3.7596, 1.04693
1.2886, 1e+020
1.0858, 1e+020
3.7628, 0.994532
3.9062, 1.2196
3.8376, 1.05394
3.6318, 0.91533
3.744, 1.05188
1.744, 1e+020
1.3012, 1e+020
2.8328, 1e+020
3.6692, 0.990289
3.8782, 1.04479
3.5444, 1.01728
3.7222, 1.02635
4.0654, 1.00494
3.7034, 1.02388
3.6598, 1.08154
3.4414, 1e+020
3.6224, 0.966441
3.8064, 1.04254
3.7814, 1.083
3.872, 1.02389
3.7814, 1.02784
3.7254, 0.981075
3.825, 1.07019
3.922, 1.13655
3.747, 1.14668
4.184, 1.27596
0.131, 1e+020
4.0342, 1.09132
0.3462, 1e+020
3.6348, 1.00227
3.4634, 0.853472
3.8094, 1.12712
3.482, 1e+020
3.7596, 1.18822
2.883, 1e+020
3.8812, 1.25166
2.6364, 1e+020
3.7972, 1.20168
3.6596, 0.906987
3.7472, 1.13869
0.7582, 1e+020
0.131, 1e+020
3.7628, 1.06886
4.0186, 1.23684
4.134, 1.20625
4.003, 1.17556
3.8968, 1.13222
3.9344, 1.17017
3.8752, 1.25554
4.0466, 1.11952
3.432, 1.36248
3.8782, 1.17432
3.9374, 1.05815
3.8284, 1.15132
3.8594, 1.20929
3.9436, 1.06142
3.6662, 1.04971
3.6628, 1.06233
3.872, 1.17505
1.0608, 1e+020
3.8032, 1.0352
3.7596, 1.00694
3.6568, 0.981695
3.7096, 1.15513
3.6754, 1.07287
2.6146, 1e+020
3.6286, 1.05763
3.6472, 1.05549
3.7658, 1.07075
3.7846, 1.16975
3.638, 0.987568
3.7566, 1.08671
2.0966, 1e+020
2.7332, 1e+020
3.9186, 1.0494
3.7784, 1.1039
2.0716, 1e+020
1.3884, 1e+020
3.6536, 1.06666
3.4228, 1e+020
4.006, 1.13035
3.5942, 1.11684
3.6754, 1.01444
3.7192, 0.988434
0.5148, 1e+020
3.9904, 1.2178
3.7722, 1.02291
3.7408, 1.02995
0.3714, 1e+020
3.8532, 1.23405
3.9748, 1.16011
3.7066, 1.08671
2.652, 1e+020
3.8376, 1.21076
3.744, 1.30868
3.688, 1.17588
3.9748, 1.07052
3.8346, 1.15502
3.7408, 1.00853
1.1576, 1e+020
3.822, 1.10231
3.8564, 1.18022
3.7378, 1.05516
3.2136, 1e+020
3.7096, 1.23442
2.6988, 1e+020
3.6474, 1.0362
3.6348, 1.084
3.8906, 1.09053
3.6068, 1.08834
3.8346, 1.21355
3.9562, 1.28099
3.616, 1.10007
1.2262, 1e+020
0.624, 1e+020
1.6006, 1e+020
3.716, 1.17074
3.694, 1.14897
3.6816, 1.08327
3.6412, 1.13066
3.5724, 1.06598
3.6878, 1.10568
3.6286, 1.00573
0.493, 1e+020
3.7066, 1.18314
3.9748, 1.10834
3.7878, 1.09955
3.666, 1.16952
2.031, 1e+020
3.925, 1.09978
3.9126, 1.21914
0.6114, 1e+020
1.2138, 1e+020
3.8656, 1.03007
3.9094, 1.06282
3.8096, 1.13999
3.8938, 1.2488
3.638, 1.09495
3.8314, 1.30681
3.7846, 1.05818
3.8032, 1.03973
3.8034, 1.08757
3.6504, 1.06727
3.329, 1e+020
3.8346, 1.16022
3.8094, 1.07847
3.6786, 1.05194
3.794, 1.07942
3.8968, 1.16021
3.7502, 1.23476
3.8846, 1.13118
4.0872, 1.17279
2.7798, 1e+020
3.6972, 1.17991
2.6896, 1e+020
3.6816, 1.10652
3.7534, 1.08315
3.7002, 1.0774
3.6162, 1.0631
3.9312, 1.04277
3.741, 1.02244
3.6348, 1.11643
3.6004, 1.04837
4.0092, 1.26079
3.9812, 1.17565
3.7284, 1.08156
3.6006, 1.20429
3.8094, 0.928671
3.6974, 1.19545
3.5068, 1.08121
3.8502, 1.13569
3.5412, 1.10133
2.1184, 1e+020
3.8064, 1.14675
3.6442, 1.11621
3.7908, 1.1293
2.0874, 1e+020
3.7252, 1.11
3.6474, 1.00834
1.8002, 1e+020
3.7814, 1.08346
3.6724, 1.14916
3.7222, 1.06264
2.9452, 1e+020
3.9406, 1.33981
3.2012, 1e+020
3.9656, 1.26429
3.8344, 1.26779
3.6598, 1.01502
3.8938, 1.0621
3.9656, 1.14077
4.212, 1.34916
4.1122, 1.38391
3.8406, 1.02694
3.7348, 1.02779
3.8626, 1.16323
3.7314, 1.16753
3.8002, 1.14641
0.5148, 1e+020
3.7722, 1.14695
3.7534, 1.2257
2.2776, 1e+020
4.0716, 1.49307
3.613, 1.21679
1.8128, 1.29388
3.9404, 1.38532
0.6398, 1e+020
3.7158, 1.23638
3.7596, 1.18685
1.223, 1e+020
3.7348, 1.15352
3.7128, 1.15658
4.109, 1.46273
3.9188, 1.46369
3.9874, 1.41867
3.6222, 1.04029
3.6192, 1.16004
3.9282, 1.2254
3.641, 1.05356
3.7816, 1.14403
3.0638, 1.14439
3.5038, 1.14021
1.9812, 1e+020
3.5662, 1.07153
3.8126, 1.22236
3.4382, 1e+020
3.7222, 1.02314
3.8376, 1.10119
3.7004, 1.0419
3.663, 1.12253
3.6846, 1.14409
3.7878, 1.02611
3.797, 1.1555
3.6504, 1.14484
3.6504, 1.12061
3.8096, 1.16925
3.8938, 1.21108
3.7034, 1.0804
3.8814, 1.1528
3.6068, 1e+020
3.9998, 1.1569
3.7908, 1.24101
3.5818, 1.0797
3.6754, 1.14159
3.7502, 1.26826
2.6958, 1e+020
3.7814, 1.1826
3.5444, 1e+020
1.2386, 1.11739
3.6348, 1.12116
1.4102, 1e+020
3.7878, 1.1449
3.9124, 1.41917
3.5476, 0.996419
3.8188, 1.13674
3.7566, 1.0941
3.9812, 1.21231
3.7876, 1.09392
3.9156, 1.44249
3.9812, 1.34955
3.7784, 1.3256
3.6472, 1.14025
2.6864, 1e+020
1.2574, 1e+020
1.3042, 1e+020
3.8064, 1.18425
4.0248, 1.28266
3.9748, 1.29394
3.6786, 1.28147
3.5912, 1.18307
3.5536, 1.04386
3.953, 1.17847
3.897, 1.06509
3.8126, 1.29692
1.1202, 1e+020
1.4944, 1e+020
3.794, 1.17803
3.8252, 1.12605
1.9936, 1e+020
3.6068, 1.06926
2.159, 1e+020
1.6348, 1e+020
1.2482, 1e+020
3.9248, 1.39623
4.078, 1.34584
3.7314, 1e+020
2.3588, 1e+020
3.0234, 1e+020
2.1808, 1e+020
3.666, 1.16084
3.847, 1.26987
4.0186, 1.36549
2.2964, 1e+020
3.9406, 1.16862
3.8002, 1.26166
3.7846, 1.17043
3.6816, 1.13317
3.797, 1.17274
4.1684, 1.30352
3.9062, 1.06244
4.0998, 1.37668
1.8876, 1.41555
3.8688, 1.02694
3.6286, 0.973169
3.7876, 0.945853
2.003, 1.20682
3.0702, 1e+020
3.8562, 1.05586
3.872, 1.13929
3.3166, 1e+020
1.794, 1.07816
3.5848, 1e+020
3.6692, 0.937269
3.7254, 0.968755
3.9842, 1.22287
3.9812, 1.17181
3.3384, 1e+020
3.5692, 0.940288
3.2044, 1e+020
3.875, 1.07657
0.128, 1e+020
3.822, 1.1785
2.5926, 1e+020
1.0828, 1e+020
0.3494, 1e+020
3.822, 1.0135
0.961, 1e+020
3.7846, 1.05912
3.925, 0.987682
3.1636, 1e+020
3.6162, 1e+020
3.9156, 1.1802
1.0452, 1e+020
4.0186, 1.20489
3.847, 1.10913
3.8688, 1.11433
3.8126, 1.12084
3.9374, 1.15997
3.8222, 1.15064
4.1152, 1.24658
3.9032, 1e+020
3.9656, 1.26949
3.8906, 1.12641
1.2106, 1e+020
4.1994, 1.20261
3.5258, 1e+020
2.73, 1e+020
3.7378, 1.06567
0.3618, 1e+020
3.9188, 1.16411
3.7316, 0.999202
3.616, 1.0056
3.819, 0.995959
1.6162, 1e+020
3.6908, 0.989625
3.7784, 1.00077
3.6942, 1.02878
3.6098, 1.06601
3.585, 0.973056
3.6472, 1.03235
3.663, 1.09322
3.9624, 1.10357
3.8438, 1.15442
1.248, 1e+020
3.8844, 1.18653
3.766, 1.04088
3.722, 1.16257
3.6474, 0.992406
0.7426, 1e+020
4.0216, 1.37142
3.9126, 0.987341
3.6068, 0.852514
3.8344, 1.17605
3.8814, 1.24559
3.875, 1.11915
3.822, 1.08221
0.1248, 1e+020
2.5148, 1e+020
3.6816, 1.18524
3.9592, 1.11417
3.5788, 1e+020
3.7408, 1.12641
3.95, 1.14287
3.9092, 1.13743
3.769, 1.17332
3.925, 1.19766
4.0904, 1.25127
3.794, 1.06771
4.1434, 1.42481
3.435, 1e+020
3.769, 1.02678
4.159, 1.22204
0.3402, 1.46429
3.9186, 1.28368
3.6286, 1.0158
4.1716, 1.321
3.8438, 1.1642
1.145, 1e+020
3.9656, 1.24567
3.6816, 1.01628
3.741, 1.0083
3.6348, 0.983813
0.4836, 1.0172
3.535, 0.976382
3.9, 0.9864
1.5444, 1e+020
4.0092, 1.09092
3.7004, 1.15437
3.925, 1.15005
3.722, 1.02084
3.6848, 0.968621
3.8284, 1.05743
3.8094, 1.00708
3.7816, 0.839244
3.7814, 1.02876
3.8408, 1.1149
3.6036, 1.02578
1.688, 1e+020
3.8064, 0.996352
3.4102, 1e+020
3.8814, 0.98948
3.4506, 1e+020
3.8844, 1.2731
3.0108, 1e+020
3.8314, 1.24774
3.897, 1.17671
3.616, 1e+020
3.7846, 1.0767
3.4102, 1e+020
4.003, 1.06471
3.9594, 1.29206
3.9094, 1.20947
3.7782, 1.10055
3.3478, 1e+020
3.925, 1.17714
3.7722, 1.08276
0.365, 1.16627
3.9156, 1.29662
3.6098, 1e+020
3.6754, 1.21951
3.7722, 1.33018
2.1558, 1e+020
2.8174, 1e+020
3.6972, 1e+020
0.6148, 1e+020
3.903, 1.22145
3.635, 1.04333
3.978, 1.13167
3.9094, 1.01363
3.7596, 1.09339
3.9654, 1.13569
1.2418, 1.26258
3.8564, 1.01859
3.7846, 0.927235
2.9204, 1e+020
3.691, 1e+020
3.7688, 1.14917
3.7222, 1.08443
3.9562, 1.06768
3.691, 1.0093
2.0748, 1e+020
3.7316, 1.04934
3.6972, 1.03653
4.053, 1.04568
3.9436, 1.05327
3.925, 1.11268
3.794, 1.08435
3.9874, 1.08815
3.9498, 1.02502
3.8314, 0.969786
3.716, 1.01611
3.8252, 1.06637
4.0654, 1.09181
0.5554, 1e+020
2.0404, 1.4179
0.131, 1e+020
2.599, 1e+020
3.8096, 1.00786
4.003, 1.1287
3.9156, 1.15129
3.666, 1e+020
2.961, 1e+020
3.7376, 1.00817
2.0562, 1e+020
3.747, 0.998239
1.975, 1e+020
4.081, 1.18324
2.3026, 1e+020
4.0622, 1.33056
1.9656, 1e+020
0.5212, 1e+020
3.9124, 1.07698
3.797, 1.09128
3.822, 1.10712
0.6428, 1e+020
4.0966, 1.22193
4.0466, 1.27113
3.8876, 1.04142
3.6786, 1.00303
3.7128, 1.02225
3.5848, 1.05952
3.5632, 1.02689
3.8282, 1.1881
3.694, 1.12703
2.7894, 1e+020
3.85, 1.11119
3.6442, 1.00754
3.744, 1.05483
0.4774, 1e+020
3.7348, 0.953333
3.7658, 1.10734
3.8688, 1.08463
3.8376, 1.049
3.9718, 1.08945
2.1902, 1e+020
0.7644, 1e+020
3.8064, 1.07511
3.8002, 1.09875
4.1746, 1.43894
3.7534, 1.00035
3.8314, 1.04288
3.9624, 1.00466
3.8596, 1.08999
3.588, 1.06886
3.9936, 1.16786
3.719, 1.00807
4.0624, 1.26162
3.7284, 0.997135
3.6066, 0.968761
3.7972, 1.02854
3.847, 1.11917
3.6816, 1.02777
3.8126, 1.0507
2.9298, 1e+020
3.6378, 0.997794
3.9844, 1.10305
3.8126, 1.04377
3.769, 0.963488
3.613, 1.08909
3.641, 1e+020
1.2698, 1.05911
1.7816, 1e+020
3.8438, 1.04916
3.8284, 1.07671
2.992, 1e+020
3.9936, 1.2034
3.6256, 1.09969
0.6084, 1e+020
3.7814, 1.19555
3.7596, 1.11148
3.7316, 0.977059
3.5536, 1.04786
3.588, 1.1095
4.0404, 1.11656
3.7816, 1.3548
4.0966, 1.44678
3.6098, 1.042
3.8408, 1.28444
3.669, 1.09423
3.641, 1.0496
3.6818, 1.12559
3.6784, 1.12909
3.6536, 0.987111
3.8874, 1.05165
3.8408, 1.12758
3.5662, 1.06015
1.3292, 1e+020
3.9998, 1.41266
3.8502, 1.14765
3.8718, 1.13397
3.7128, 1.01798
2.6178, 1e+020
3.6628, 1.11782
3.9844, 1.08562
4.1122, 1.35215
3.7566, 1.07178
0.652, 1e+020
3.7128, 1.04934
1.2012, 1e+020
1.872, 1e+020
3.6162, 1.13451
1.22, 1e+020
0.468, 1e+020
3.8032, 1.12778
3.7502, 1.07317
3.8346, 1.14144
3.6442, 1.08492
3.794, 1.19312
4.137, 1.46917
3.95, 1.06733
3.9, 1.1104
3.8158, 1.08172
4.059, 1.14639
0.6116, 1e+020
3.8002, 1.108
0.4088, 1e+020
3.822, 1.19531
3.875, 1.28385
3.8438, 1.28112
3.4352, 1e+020
0.9422, 1e+020
2.2808, 1e+020
3.819, 1.30767
3.8282, 1.21323
4.1216, 1.43357
1.1886, 1e+020
3.7722, 1.10245
3.7908, 1.1419
3.822, 1.25351
3.638, 1.16128
4.265, 1.39665
3.9718, 1.25097
4.056, 1.3236
3.8064, 1.34445
3.9562, 1e+020
0.387, 1.52904
3.719, 1.18625
2.8048, 1e+020
3.769, 1.10673
3.7128, 1.08613
4.1248, 1.55675
1.248, 1e+020
3.8968, 1.38061
3.8002, 1.13429
4.0404, 1.18557
3.691, 1.10012
0.5212, 1e+020
2.0654, 1e+020
2.9546, 1e+020
3.7752, 1.19
2.1248, 1e+020
3.822, 1.06936
3.7254, 1.0969
3.981, 1.24698
4.1434, 1.12272
1.404, 1e+020
0.5024, 1e+020
3.8938, 1.07232
4.265, 1.36941
3.8346, 1.08245
3.9842, 1.15739
3.9624, 1.09768
3.7066, 1.08691
3.7534, 1.18246
3.8594, 0.964802
3.535, 0.948798
3.6442, 0.945846
0.6146, 1e+020
3.6568, 0.969987
3.7222, 0.921554
3.825, 0.94514
3.666, 0.96194
3.6474, 0.991081
3.613, 0.956365
3.354, 1e+020
3.6472, 1.07716
3.95, 1.15043
3.638, 0.98257
3.8158, 0.932491
3.7252, 1.14137
2.7644, 1e+020
3.9282, 1.13059
3.7626, 1.12303
3.7846, 1.19596
2.5834, 1e+020
1.354, 1e+020
0.5898, 1e+020
3.8594, 1.09816
3.8658, 1.1581
3.1386, 1e+020
4.0686, 1.12172
3.7722, 1e+020
4.1152, 1.24995
4.0186, 1.09857
0.4898, 1e+020
3.719, 0.998492
4.2214, 1.31008
3.7442, 0.980917
3.7658, 1.01597
3.9188, 1.1399
3.9998, 1.09043
4.1122, 1.132
3.2542, 1e+020
3.9562, 1.13206
0.5054, 1e+020
4.0684, 1.15501
4.0406, 1.24261
2.2182, 1e+020
4.0062, 1.24512
3.9374, 1.20661
4.1496, 1.19988
3.8626, 1.00502
3.9126, 1.05773
3.7596, 0.964255
3.7814, 1.05247
3.9, 1.06954
3.6972, 0.995592
3.7222, 0.959017
3.7128, 0.969494
3.117, 1e+020
3.3166, 1e+020
3.6504, 0.948349
3.7128, 1.06155
0.3526, 1e+020
3.6754, 0.992105
3.7534, 0.968451
3.5942, 0.976873
3.7784, 0.975253
3.6846, 1e+020
3.741, 0.95309
3.4976, 0.912267
0.73, 1e+020
3.5506, 1.11728
3.1762, 0.981481
0.6022, 1e+020
3.5194, 1.19978
0.3338, 1e+020
2.0686, 1e+020
0.4742, 1e+020
3.482, 1.24949
3.5818, 1.06702
3.4164, 0.946558
1.248, 1e+020
3.7158, 1.2034
1.4134, 1.23256
3.4196, 1.12742
3.6722, 1.10208
0.1312, 1e+020
4.1744, 1.2073
3.7598, 1.09425
3.9998, 1.22417
1.8532, 1e+020
1.1264, 1e+020
2.2058, 1e+020
3.9968, 1.27647
3.0762, 1.29046
4.2246, 1.22748
3.9718, 1.15811
3.5412, 1e+020
4.1558, 1.19516
3.9126, 1.13409
3.7502, 1.17572
3.6286, 1.03054
3.432, 0.854577
3.8376, 0.978078
0.7614, 1e+020
3.5256, 0.983429
3.6254, 0.908258
3.8658, 0.976223
3.616, 0.975007
3.8658, 1.15657
3.7658, 0.980816
3.6972, 1.1778
3.8564, 0.981717
3.9624, 0.970224
3.7252, 0.998907
3.8626, 1.24274
1.56, 1e+020
3.9782, 1.28449
2.3836, 1e+020
1.1014, 1e+020
3.641, 0.946726
3.9686, 0.993975
0.646, 1e+020
3.6378, 1.12954
3.9718, 1.29005
3.8128, 1.13097
4.1246, 1.2314
3.6692, 1.11177
3.903, 1.03111
3.7066, 1.18273
1.2762, 1e+020
1.4726, 1e+020
2.8736, 1e+020
2.627, 1e+020
3.7908, 1.07704
2.2964, 1e+020
3.9374, 1.22956
2.1216, 1e+020
3.7878, 1.21591
1.741, 1e+020
3.8938, 1.22032
3.6066, 1.08383
2.5054, 1e+020
2.0498, 1e+020
4.0904, 1.32622
0.3776, 1e+020
3.8812, 1.09992
4.0654, 1.23619
3.8346, 1.21394
3.9218, 1e+020
3.6474, 0.997083
3.7096, 0.994679
3.4664, 0.951693
0.493, 1e+020
3.666, 0.929939
3.8282, 1.18274
3.6036, 0.963459
3.588, 0.983352
2.2496, 1e+020
3.5412, 1.03202
3.8002, 1.22723
2.1122, 1e+020
0.4056, 1e+020
4.0498, 1.11498
3.6286, 1.12853
0.4056, 1e+020
3.8876, 1.26424
1.5538, 1e+020
3.744, 1.08217
3.7128, 1.01752
3.8188, 1.06725
3.8814, 1.21358
3.7284, 1.16446
3.719, 1e+020
4.2838, 1.40911
3.5788, 1.00092
3.9592, 1.0339
4.1466, 1.12261
4.084, 1.27182
3.9844, 1.07883
4.212, 1.27733
1.1512, 1e+020
2.7176, 1e+020
1.9156, 1e+020
1.5196, 1e+020
0.3836, 1e+020
4.0468, 1.30787
1.847, 1.35688
0.4648, 1e+020
