Unabänderliche Steuersignale: 
0 s: -0.9384
0.21 s: 1.2
0.28 s: 1.02805

Erwartete Zustände: 
0 s: 0, 0, 3.14159, 3.14159, 0, 0, 0, 
0.21 s: 12.7955, 22.6367, 4.68195, 6.41086, -0.00430421, 0.80436, 0.083616, 
0.28 s: 20.9986, 6.6875, 5.98195, 7.5272, 0.0643167, 1.04134, 0.170662, 

Optimale Steuerung: 
0.28 s: 1.2
0.49 s: 1.05792
0.7 s: -0.133675
0.91 s: 1.2

Angestrebte Zustände: 
0.28 s: 20.9986, 6.6875, 5.98195, 7.5272, 0.0643167, 1.04134, 0.170662, 
0.49 s: -10.7834, -23.6842, 7.04927, 5.49451, 0.318482, 1.16247, 0.308499, 
0.7 s: -19.8875, -23.6891, 3.89427, 0.33717, 0.379052, 0.0798127, 0.466229, 
0.91 s: 25, 13.3701, 6.41968, 3.77357, 0.38, 0.544699, 0.464485, 

Ausgeführte Steuersignale: 
0 s: -0.9384
0.21 s: 1.2

Echte Zustände: 
0 s: 0, 0, 3.14159, 3.14159, 0, 0, 0, 
0.21 s: 12.7955, 22.6367, 4.68195, 6.41086, -0.00430421, 0.80436, 0.083616, 
0.375 s: 24.2547, 5.59301, 8.44083, 7.11593, 0.157105, 0.884153, 0.249998, 

Unabänderliche Steuersignale: 
0.375 s: 1.2
0.585 s: 1.05792
0.655 s: 0.660719

Erwartete Zustände: 
0.375 s: 24.2547, 5.59301, 7.11593, 0.157105, 0, 1.04134, 0.170662, 
0.585 s: 12.7824, 21.9171, 10.8081, 3.78085, 0.235407, 1.08373, 0.43867, 
0.655 s: 10.2826, 21.1914, 11.0765, 5.67915, 0.304746, 0.851144, 0.49128, 

Optimale Steuerung: 
0.7025 s: -0.0254331
0.9125 s: -1.2
1.1225 s: -1.2
1.3325 s: -1.16765

Angestrebte Zustände: 
0.7025 s: 10.2826, 21.1914, 11.0765, 5.67915, 0.304746, 0.851144, 0.49128, 
0.9125 s: -19.2858, -18.53, 7.16396, 5.3222, 0.233272, -1.18877, 0.336624, 
1.1225 s: -25, -0.190075, 2.94335, 2.4492, -0.0727985, -1.2, 0.5, 
1.3325 s: -25, 25, -5.6564, 7.08275, -0.38, -1.2, 0.5, 

Ausgeführte Steuersignale: 
0.375 s: 1.2
0.585 s: 1.05792

Echte Zustände: 
0.375 s: 24.2547, 5.59301, 8.44083, 7.11593, 0.157105, 0, 0, 
0.585 s: 29.4736, -6.62994, 11.365, 12.2503, 0.351581, 1.07862, 0.268008, 
0.703 s: 18.0593, 26.4284, 14.5986, 12.7418, 0.455728, 0.60223, 0.334121, 

Unabänderliche Steuersignale: 
0.703 s: -0.0254331
0.913 s: -1.2
1.0305 s: -1.2

Erwartete Zustände: 
0.703 s: 18.0593, 26.4284, 12.7418, 0.455728, 0, 0.851144, 0.49128, 
0.913 s: 25.1965, 31.9842, 18.3129, 6.05116, -0.0565042, -0.97585, 0.594261, 
1.0305 s: 17.0559, 25.088, 20.1819, 8.97844, -0.189102, -1.18855, 0.763461, 

Optimale Steuerung: 
1.03075 s: 0.518173
1.24075 s: -0.0262608
1.45075 s: -0.959872
1.66075 s: -1.01283

Angestrebte Zustände: 
1.03075 s: 17.0559, 25.088, 20.1819, 8.97844, -0.189102, -1.18855, 0.763461, 
1.24075 s: 4.26203, 25, 22.3127, 14.2653, -0.210853, 0.911099, 0.5, 
1.45075 s: -10.1966, 23.4829, 21.6849, 19.3446, -0.229389, -1.09444, 0.5, 
1.66075 s: 25, -21.5817, 23.2354, 19.5492, -0.38, -0.929423, 0.426863, 

Ausgeführte Steuersignale: 
0.703 s: -0.0254331
0.913 s: -1.2

Echte Zustände: 
0.703 s: 18.0593, 26.4284, 14.5986, 12.7418, 0.455728, 0, 0, 
0.913 s: 25.3564, 28.7695, 17.8175, 18.8243, 0.365769, -0.980029, 0.102982, 
1.11 s: -29.4484, 31.015, 15.9259, 21.0328, 0.137998, -1.1985, 0.386662, 

Unabänderliche Steuersignale: 
1.11 s: 0.518173
1.32 s: -0.0262608
1.43775 s: -0.54975

Erwartete Zustände: 
1.11 s: -29.4484, 31.015, 21.0328, 0.137998, 0, -1.18855, 0.763461, 
1.32 s: -35.6866, 27.4336, 12.3252, 8.07853, 0.00204609, 0.0672616, 0.781352, 
1.43775 s: -23.1037, 34.8832, 7.99059, 12.3222, -0.0142666, -0.378307, 0.793809, 

Optimale Steuerung: 
1.47737 s: 0.26021
1.68737 s: 1.15569
1.89737 s: 1.14472
2.10737 s: -0.986499

Angestrebte Zustände: 
1.47737 s: -23.1037, 34.8832, 7.99059, 12.3222, -0.0142666, -0.378307, 0.793809, 
1.68737 s: 25, -25, 12.673, 7.44863, 0.111116, 1.2, 0.297547, 
1.89737 s: 22.1824, -25, 25.5534, -6.07537, 0.38, 1.09845, 0.397053, 
2.10737 s: -23.8039, -22.6089, 18.8039, -5.18313, 0.38, -0.46305, 0.447197, 

Ausgeführte Steuersignale: 
1.11 s: 0.518173
1.32 s: -0.0262608

Echte Zustände: 
1.11 s: -29.4484, 31.015, 15.9259, 21.0328, 0.137998, 0, 0, 
1.32 s: 13.2211, 34.1364, 15.3288, 29.4932, 0.186762, 0.0730975, 0.017891, 
1.328 s: 21.6519, 32.6091, 15.4689, 29.761, 0.187262, 0.0515109, 0.0179073, 

Unabänderliche Steuersignale: 
1.11 s: -0.0618269
1.25937 s: -0.725913

Erwartete Zustände: 
1.11 s: 21.6519, 32.6091, 29.761, 0.187262, 0, 0, 0, 
1.25937 s: -12.4383, 9.34095, 31.6641, 1.41358, -0.0369949, -0.552898, 0.0286628, 
1.11 s: 3.95738e-270, 0, 0, 0, 0, 0, 0, 

Unabänderliche Steuersignale: 
1.328 s: 0.26021
1.538 s: 1.15569
1.69537 s: 1.14747

Erwartete Zustände: 
1.328 s: 3.95738e-270, 0, 0, 0, 0, 0, 0, 
1.538 s: 17.3207, -39.2981, -2.1906, -2.24874, 0.10969, 0.986801, 0.119283, 
1.69537 s: -25.0963, -5.96121, -5.23044, -3.88193, 0.284618, 1.14635, 0.327983, 

Optimale Steuerung: 
1.62069 s: 1.2
1.83069 s: -0.936177
2.04069 s: 1.2
2.25069 s: 1.2

Angestrebte Zustände: 
1.62069 s: -25.0963, -5.96121, -5.23044, -3.88193, 0.284618, 1.14635, 0.327983, 
1.83069 s: 25, -25, 15.4264, -12.0284, 0.362369, 1.2, 0.478276, 
2.04069 s: 3.5515, -15.5279, 29.7073, -20.7852, 0.38, -1.03968, 0.445935, 
2.25069 s: -25, 25, 22.0615, -17.3048, 0.38, 1.2, 0.5, 

Ausgeführte Steuersignale: 
1.47737 s: 0.26021

Echte Zustände: 
1.47737 s: 21.6519, 32.6091, 15.4689, 29.761, 0.187262, 0.0515109, 0, 
1.547 s: 39.6954, -7.80531, 18.3006, 29.8126, 0.20267, 0.381759, 0.0121388, 

Unabänderliche Steuersignale: 
1.47737 s: 0.557103

Erwartete Zustände: 
1.328 s: 39.6954, -7.80531, 29.8126, 0.20267, 0, 0, 0, 
1.40169 s: 38.8188, 4.31585, 32.7695, -1.3511, 0.0272413, 0.642712, 0.0381941, 

Unabänderliche Steuersignale: 
1.547 s: 1.2
1.69031 s: -0.257813

Erwartete Zustände: 
1.547 s: 38.8188, 4.31585, 32.7695, -1.3511, 0.0272413, 0.642712, 0.0381941, 
1.69031 s: 26.5999, -5.59667, 38.2138, -3.09146, 0.115461, 0.118513, 0.0953801, 

Optimale Steuerung: 
1.80284 s: -0.136058
2.01284 s: -1.2
2.22284 s: 0.0560535
2.43284 s: 0.191562

Angestrebte Zustände: 
1.80284 s: 26.5999, -5.59667, 38.2138, -3.09146, 0.115461, 0.118513, 0.0953801, 
2.01284 s: -25, -25, 35.9124, -8.18296, 0.0649815, -1.2, 0.251065, 
2.22284 s: -25, -10.7525, 29.3076, -11.6636, -0.12974, -0.251539, 0.220438, 
2.43284 s: -25, -13.8388, 23.3937, -14.2938, -0.111429, 0.334018, 0.0232638, 

Ausgeführte Steuersignale: 
1.62069 s: 1.2
1.83069 s: -0.936177

Echte Zustände: 
1.62069 s: 39.6954, -7.80531, 18.3006, 29.8126, 0.20267, 0.381759, 0, 
1.83069 s: 58.0863, -21.657, 22.1499, 35.4761, 0.266795, -0.540363, 0.083511, 
1.937 s: 4.46278, 49.8886, 24.2232, 38.7408, 0.211407, -0.202478, 0.110498, 

Unabänderliche Steuersignale: 
1.937 s: -0.136058
2.11916 s: -1.05893

Erwartete Zustände: 
1.937 s: 4.46278, 49.8886, 38.7408, 0.211407, 0, 0.118513, 0.0953801, 
2.11916 s: 49.5533, 11.21, 43.7322, 7.28826, -0.0702546, -0.858269, 0.173339, 

Optimale Steuerung: 
2.25992 s: -1.2
2.46992 s: 1.2
2.67992 s: 0.724437
2.88992 s: -1.2

Angestrebte Zustände: 
2.25992 s: 49.5533, 11.21, 43.7322, 7.28826, -0.0702546, -0.858269, 0.173339, 
2.46992 s: 25, -25, 55.8925, 5.06424, -0.185302, 0.130454, 0.47558, 
2.67992 s: -25, 25, 56.5663, 6.54476, -0.00888142, 1.2, 0.5, 
2.88992 s: -25, 25, 49.2353, 15.8799, 0.00491655, -1.2, 0.5, 

Ausgeführte Steuersignale: 
1.937 s: -0.136058
2.147 s: -1.2

Echte Zustände: 
1.937 s: 4.46278, 49.8886, 24.2232, 38.7408, 0.211407, 0, 0, 
2.147 s: 59.1635, -5.00507, 30.4536, 48.3207, 0.110628, -1.00019, 0.113525, 
2.187 s: 1.64241, 43.7567, 31.7893, 49.49, 0.0689307, -1.03861, 0.160404, 

Unabänderliche Steuersignale: 
1.937 s: -0.960752
2.00992 s: -0.524591

Erwartete Zustände: 
1.937 s: 1.64241, 43.7567, 49.49, 0.0689307, 0, 0.118513, 0.0953801, 
2.00992 s: 21.3687, 12.9671, 50.929, 2.01207, -0.0276245, -0.553196, 0.136757, 
1.937 s: 3.95738e-270, 0, 0, 0, 0, 0, 0, 

Unabänderliche Steuersignale: 
2.187 s: -1.2
2.397 s: 1.2
2.50992 s: 0.944279

Erwartete Zustände: 
2.187 s: 3.95738e-270, 0, 0, 0, 0, 0, 0, 
2.397 s: -29.7513, -17.5534, -2.4739, -4.13898, -0.0298889, 0.75668, 0.1008, 
2.50992 s: -22.6895, -23.2422, -6.1377, -4.28676, 0.0814423, 1.00318, 0.231217, 

Optimale Steuerung: 
2.47346 s: -1.2
2.68346 s: -0.762891
2.89346 s: 1.1948
3.10346 s: 1.18363

Angestrebte Zustände: 
2.47346 s: -22.6895, -23.2422, -6.1377, -4.28676, 0.0814423, 1.00318, 0.231217, 
2.68346 s: 25, -25, 20.8689, -19.1312, -0.180556, -1.2, 0.498162, 
2.89346 s: -0.230466, 5.72015, 29.5319, -28.669, -0.1993, 1.16986, 0.5, 
3.10346 s: -25, 24.9927, 20.6436, -20.1781, 0.375284, 1.19647, 0.00659096, 

Ausgeführte Steuersignale: 
2.25992 s: -1.2
2.34946 s: -0.176696

Echte Zustände: 
2.25992 s: 1.64241, 43.7567, 31.7893, 49.49, 0.0689307, -1.03861, 0, 
2.34946 s: -13.4753, 41.9337, 31.3238, 54.1756, -0.0114263, -0.564611, 0.0502391, 
2.46992 s: -31.5903, 41.9713, 26.8117, 59.572, -0.00178176, 0.75158, 0.1008, 

Unabänderliche Steuersignale: 
2.25992 s: -0.176696

Erwartete Zustände: 
2.187 s: -13.4753, 41.9337, 54.1756, -0.0114263, 0, 0, 0, 
2.30746 s: 57.6455, 71.712, 53.6673, 6.39298, 0.03089, 0.778329, 0.0505609, 

Unabänderliche Steuersignale: 
2.312 s: -1.2
2.522 s: -0.762891
2.52554 s: -0.729898

Erwartete Zustände: 
2.312 s: 57.6455, 71.712, 53.6673, 6.39298, 0.03089, 0.778329, 0.0505609, 
2.522 s: 29.9209, 43.955, 53.3856, 17.6594, -0.111487, -0.834991, 0.256184, 
2.52554 s: 35.6147, 42.5249, 53.5018, 17.8127, -0.11443, -0.827377, 0.258156, 

Optimale Steuerung: 
2.51773 s: -1.2
2.72773 s: -1.15624
2.93773 s: -0.944334
3.14773 s: 0.629082
3.35773 s: 1.2
3.56773 s: -1.2

Angestrebte Zustände: 
2.51773 s: 35.6147, 42.5249, 53.5018, 17.8127, -0.11443, -0.827377, 0.258156, 
2.72773 s: 25, -25, 64.093, 7.39207, -0.379743, -1.2, 0.105158, 
2.93773 s: -24.3803, -25, 67.5783, -9.63142, -0.38, -0.970593, 0.00342877, 
3.14773 s: -25, 25, 48.2511, -13.8023, -0.366714, -0.609828, 0.000641434, 
3.35773 s: -17.6151, -20.3913, 33.5184, -13.0353, -0.349909, 1.19067, 0, 
3.56773 s: -18.9315, -22.5886, 29.6961, -21.0251, -0.0897235, -1.17808, 3.03623e-005, 

Ausgeführte Steuersignale: 
2.47346 s: -1.2

Echte Zustände: 
2.47346 s: -31.5903, 41.9713, 26.8117, 59.572, -0.00178176, 0.75158, 0, 
2.624 s: -43.8089, 42.5535, 21.5519, 64.5443, -0.0926628, -0.92388, 0.165099, 

Unabänderliche Steuersignale: 
2.624 s: -1.2
2.66827 s: -1.19077

Erwartete Zustände: 
2.624 s: -43.8089, 42.5535, 64.5443, -0.0926628, 0, -0.827377, 0.258156, 
2.66827 s: -77.2179, -1.50419, 61.7179, 1.97515, -0.0431447, -1.07483, 0.321415, 

Optimale Steuerung: 
2.88287 s: -1.2
3.09287 s: -1.17424
3.30287 s: -0.629105
3.51287 s: 0.742845

Angestrebte Zustände: 
2.88287 s: -77.2179, -1.50419, 61.7179, 1.97515, -0.0431447, -1.07483, 0.321415, 
3.09287 s: 15.3092, -25, 64.8151, 3.76297, -0.379473, -1.2, 0.203521, 
3.30287 s: -24.0749, -13.1465, 63.6151, -10.3218, -0.38, -0.922035, 0.141593, 
3.51287 s: -21.8284, 18.6616, 45.5916, -12.9456, -0.38, -0.227945, 0.141189, 

Ausgeführte Steuersignale: 
2.624 s: -1.2
2.834 s: -1.15624

Echte Zustände: 
2.624 s: -43.8089, 42.5535, 21.5519, 64.5443, -0.0926628, 0, 0, 
2.834 s: -47.92, 7.73025, 12.3123, 70.7404, -0.294305, -1.15854, 0.291506, 
2.842 s: -59.4329, -12.2369, 11.888, 70.7287, -0.30357, -1.15735, 0.302126, 

Unabänderliche Steuersignale: 
2.624 s: -1.14816
2.66487 s: -1.10693

Erwartete Zustände: 
2.624 s: -59.4329, -12.2369, 70.7287, -0.30357, 0, -0.827377, 0.258156, 
2.66487 s: -71.2298, -19.3168, 67.8433, 0.527195, -0.0385234, -1.01862, 0.310116, 
2.624 s: 3.95738e-270, 0, 0, 0, 0, 0, 0, 

Unabänderliche Steuersignale: 
2.842 s: -1.2
3.052 s: -1.17424
3.10087 s: -1.04739

Erwartete Zustände: 
2.842 s: 3.95738e-270, 0, 0, 0, 0, 0, 0, 
3.052 s: -18.5309, -7.07663, -2.57171, -4.1333, -0.202955, -1.17317, 0.295955, 
3.10087 s: 5.87998, 0.740883, -2.90161, -4.20833, -0.259341, -1.11986, 0.356316, 

Optimale Steuerung: 
3.08043 s: 1.08699
3.29043 s: -0.990478
3.50043 s: 1.2
3.71043 s: -0.0337059
3.92043 s: -1.2

Angestrebte Zustände: 
3.08043 s: 5.87998, 0.740883, -2.90161, -4.20833, -0.259341, -1.11986, 0.356316, 
3.29043 s: 25, -25, 40.5553, -13.2593, 0.0752991, 1.08004, 0.431037, 
3.50043 s: 25, -25, 51.6671, -25.5766, 0.312954, 0.0797098, 0.5, 
3.71043 s: -19.9823, 12.6001, 50.1463, -27.7879, 0.38, 0.850037, 0.5, 
3.92043 s: 9.17441, -25, 41.61, -52.7285, 0.231849, -1.2, 0.5, 

Ausgeführte Steuersignale: 
2.88287 s: -1.2

Echte Zustände: 
2.88287 s: -59.4329, -12.2369, 11.888, 70.7287, -0.30357, -1.15735, 0, 
3.08043 s: 17.2384, -46.3113, 12.6284, 60.5576, -0.537351, -1.18029, 0.27879, 

Unabänderliche Steuersignale: 
3.08043 s: 1.08699
3.278 s: -0.867486

Erwartete Zustände: 
3.08043 s: 17.2384, -46.3113, 60.5576, -0.537351, 0, -1.11986, 0.356316, 
3.278 s: -56.5613, -44.1029, 59.1054, -12.7805, -0.00303068, -0.494198, 0.421587, 

Optimale Steuerung: 
3.31665 s: -1.2
3.52665 s: -1.19726
3.73665 s: 1.2
3.94665 s: 0.921332
4.15665 s: 0.730756

Angestrebte Zustände: 
3.31665 s: -56.5613, -44.1029, 59.1054, -12.7805, -0.00303068, -0.494198, 0.421587, 
3.52665 s: 17.0499, -25, 54.9713, -24.9649, -0.377686, -1.19849, 0.381841, 
3.73665 s: -23.8516, -24.9983, 48.8321, -33.0629, -0.297421, 1.19418, 0.00239104, 
3.94665 s: 0.180213, -25, 44.6228, -43.4, 0.290076, 1.2, 0.0083677, 
4.15665 s: 25, -25, 50.4598, -56.2859, 0.377341, -0.106969, 0, 

Ausgeführte Steuersignale: 
3.08043 s: 1.08699
3.29043 s: -0.990478

Echte Zustände: 
3.08043 s: 17.2384, -46.3113, 12.6284, 60.5576, -0.537351, 0, 0, 
3.29043 s: 57.0635, -67.7014, 18.8629, 49.6217, -0.503242, -0.606973, 0.0760164, 
3.31665 s: -11.0157, -61.5064, 19.4106, 48.2556, -0.521184, -0.719391, 0.0952885, 

Unabänderliche Steuersignale: 
3.31665 s: -1.2
3.52665 s: -1.19726
3.55287 s: -0.897984

Erwartete Zustände: 
3.31665 s: -11.0157, -61.5064, 48.2556, -0.521184, 0, -0.494198, 0.421587, 
3.52665 s: 28.795, -74.3351, 42.9671, -8.20093, -0.224058, -1.1943, 0.723297, 
3.55287 s: -53.8962, -57.3233, 42.5092, -9.88414, -0.254648, -1.11518, 0.752265, 

Optimale Steuerung: 
3.55226 s: -1.2
3.76226 s: -0.597976
3.97226 s: -0.869723
4.18226 s: 1.2

Angestrebte Zustände: 
3.55226 s: -53.8962, -57.3233, 42.5092, -9.88414, -0.254648, -1.11518, 0.752265, 
3.76226 s: -15.7081, -25, 35.0139, -45.1281, -0.38, -0.976936, 0.0484592, 
3.97226 s: -25, -25, 24.305, -76.1627, -0.352532, -0.81681, 0.0570747, 
4.18226 s: -24.0613, -12.5021, 8.32237, -80.15, -0.298407, -0.0865637, 0.499113, 

Ausgeführte Steuersignale: 
3.31665 s: -1.2
3.51965 s: -1.19735

Echte Zustände: 
3.31665 s: -11.0157, -61.5064, 19.4106, 48.2556, -0.521184, 0, 0, 
3.51965 s: 22.6725, -52.4114, 14.3514, 40.0439, -0.717477, -1.19083, 0.291675, 
3.52665 s: 34.5187, -61.2534, 14.56, 39.6396, -0.725816, -1.19188, 0.301709, 

Unabänderliche Steuersignale: 
3.31665 s: -1.19735

Erwartete Zustände: 
3.31665 s: 22.6725, -52.4114, 40.0439, -0.717477, 0, -0.494198, 0.421587, 
3.32365 s: 30.3473, -48.2818, 40.2235, -1.07294, -0.00387084, -0.608382, 0.431622, 

Unabänderliche Steuersignale: 
3.51965 s: -1.2
3.72965 s: -0.597976
3.75526 s: -0.631113

Erwartete Zustände: 
3.51965 s: 30.3473, -48.2818, 40.2235, -1.07294, -0.00387084, -0.608382, 0.431622, 
3.72965 s: 50.6775, -53.3735, 51.8869, -12.1833, -0.188733, -0.707753, 0.607682, 
3.75526 s: 39.6975, -35.7457, 52.8919, -13.238, -0.206193, -0.664134, 0.617356, 

Optimale Steuerung: 
3.73895 s: -0.656832
3.94895 s: 1.18774
4.15895 s: -1.2
4.36895 s: 0.146908
4.57895 s: 0.491557

Angestrebte Zustände: 
3.73895 s: 39.6975, -35.7457, 52.8919, -13.238, -0.206193, -0.664134, 0.617356, 
3.94895 s: -1.65422, -25, 55.5653, -22.3166, 0.054802, 0.831354, 0.0217972, 
4.15895 s: -3.80077, -25, 54.7199, -30.394, -0.0133534, -1.2, 0.0361853, 
4.36895 s: -8.63341, -1.23729, 54.9833, -35.917, -0.274522, -0.228333, 0, 
4.57895 s: 3.45542, 25, 54.3001, -31.0236, -0.172458, 1.2, 0, 

Ausgeführte Steuersignale: 
3.55226 s: -1.2

Echte Zustände: 
3.55226 s: 34.5187, -61.2534, 14.56, 39.6396, -0.725816, -1.19188, 0, 
3.67565 s: 35.7707, -41.4583, 15.3794, 32.9721, -0.861452, -0.954162, 0.130453, 

Unabänderliche Steuersignale: 
3.55226 s: -0.846262

Erwartete Zustände: 
3.51965 s: 35.7707, -41.4583, 32.9721, -0.861452, 0, -1.11986, 0.356316, 
3.58295 s: 74.4605, -2.39106, 36.6441, -3.97475, -0.0600548, -0.810312, 0.392625, 

Unabänderliche Steuersignale: 
3.67565 s: -0.656832
3.86234 s: 0.983041

Erwartete Zustände: 
3.67565 s: 74.4605, -2.39106, 36.6441, -3.97475, -0.0600548, -0.810312, 0.392625, 
3.86234 s: 60.9306, -16.0743, 48.3745, -11.746, -0.0868043, 0.6378, 0.43943, 

Optimale Steuerung: 
3.8633 s: -1.2
4.0733 s: -1.2
4.2833 s: 1.2
4.4933 s: -1.19997

Angestrebte Zustände: 
3.8633 s: 60.9306, -16.0743, 48.3745, -11.746, -0.0868043, 0.6378, 0.43943, 
4.0733 s: 24.9982, -24.9975, 65.3383, -11.2214, -0.379841, -1.2, 0.000612922, 
4.2833 s: 14.3142, -10.6107, 64.8095, -18.4661, -0.38, 1.2, 0.00133181, 
4.4933 s: -1.00428, -25, 70.2271, -30.4078, -0.29773, 0.534652, 0.5, 

Ausgeführte Steuersignale: 
3.73895 s: -0.656832

Echte Zustände: 
3.73895 s: 35.7707, -41.4583, 15.3794, 32.9721, -0.861452, -0.954162, 0, 
3.89465 s: 38.1332, -48.643, 20.8778, 26.0831, -0.909352, 0.364757, 0.0243793, 

Unabänderliche Steuersignale: 
3.89465 s: -1.2
4.019 s: -1.2

Erwartete Zustände: 
3.89465 s: 38.1332, -48.643, 26.0831, -0.909352, 0, 0.6378, 0.43943, 
4.019 s: 28.5801, -49.9425, 32.5337, -7.35058, -0.0797413, -1.12109, 0.618491, 

Optimale Steuerung: 
4.09797 s: -1.2
4.30797 s: -1.2
4.51797 s: 0.709999
4.72797 s: -1.17538

Angestrebte Zustände: 
4.09797 s: 28.5801, -49.9425, 32.5337, -7.35058, -0.0797413, -1.12109, 0.618491, 
4.30797 s: 25, -25, 115.595, -27.0189, -0.369045, -1.2, 0.5, 
4.51797 s: 24.9926, -25, 177.099, -50.5946, 0.323653, 0.720701, 0.0141787, 
4.72797 s: -25, -15.5839, 101.406, -58.279, -0.38, -1.2, 0, 

Ausgeführte Steuersignale: 
3.89465 s: -1.2
4.10465 s: -1.2

Echte Zustände: 
3.89465 s: 38.1332, -48.643, 20.8778, 26.0831, -0.909352, 0, 0, 
4.10465 s: 25.7147, -39.6413, 27.243, 16.6343, -1.11419, -1.19411, 0.3024, 
4.12865 s: 67.1553, -64.7714, 28.5163, 15.2582, -1.1423, -1.12806, 0.329662, 

Unabänderliche Steuersignale: 
4.12865 s: -1.2
4.33197 s: -1.2

Erwartete Zustände: 
4.12865 s: 67.1553, -64.7714, 15.2582, -1.1423, 0, -1.12109, 0.618491, 
4.33197 s: 72.7479, -68.0563, 33.9619, -18.2743, -0.240893, -1.19954, 0.91128, 

Optimale Steuerung: 
4.34731 s: -0.276673
4.55731 s: -0.71833
4.76731 s: 0.752558
4.97731 s: -0.26453
5.18731 s: -0.217135

Angestrebte Zustände: 
4.34731 s: 72.7479, -68.0563, 33.9619, -18.2743, -0.240893, -1.19954, 0.91128, 
4.55731 s: 22.4965, 17.6295, 79.371, -14.307, 0.267398, -0.989019, 0.190821, 
4.76731 s: 18.7097, 25, 115.743, 17.2183, 0.227422, 0.723939, 0.00443159, 
4.97731 s: 9.93004, 25, 121.353, 52.5832, 0.38, 0.511482, 0.110872, 
5.18731 s: -2.5554, 12.9529, 122.527, 103.586, -0.247289, -1.06441, 0.299868, 

Ausgeführte Steuersignale: 
4.12865 s: -1.2
4.30065 s: -1.2

Echte Zustände: 
4.12865 s: 67.1553, -64.7714, 28.5163, 15.2582, -1.1423, 0, 0, 
4.30065 s: 50.7483, -36.1106, 35.236, 8.58107, -1.30191, -1.18458, 0.24768, 
4.33865 s: 48.786, -7.15037, 37.5717, 8.57689, -1.34714, -1.19411, 0.3024, 

Unabänderliche Steuersignale: 
4.12865 s: -1.2

Erwartete Zustände: 
4.12865 s: 50.7483, -36.1106, 8.58107, -1.30191, 0, -0.608382, 0.431622, 
4.16665 s: 69.0259, -22.9394, 11.4118, -3.64711, -0.0311608, -0.973932, 0.486342, 

Unabänderliche Steuersignale: 
4.30065 s: -0.276673
4.51065 s: -0.71833
4.51931 s: -0.657653

Erwartete Zustände: 
4.30065 s: 69.0259, -22.9394, 11.4118, -3.64711, -0.0311608, -0.973932, 0.486342, 
4.51065 s: 51.8507, -46.5318, 26.2112, -13.34, -0.148862, -0.639088, 0.541732, 
4.51931 s: 46.8547, -37.2334, 26.6305, -13.6978, -0.154451, -0.648501, 0.545835, 

Optimale Steuerung: 
4.49598 s: -1.03177
4.70598 s: 0.914636
4.91598 s: -1.2
5.12598 s: 0.79794

Angestrebte Zustände: 
4.49598 s: 46.8547, -37.2334, 26.6305, -13.6978, -0.154451, -0.648501, 0.545835, 
4.70598 s: 25, -13.0529, 39.2244, -21.3184, -0.291987, -0.138147, 0.496396, 
4.91598 s: -18.9439, -17.6228, 29.8179, -39.659, -0.327047, -0.394816, 0.5, 
5.12598 s: -25, 25, 2.84015, -47.5689, -0.294742, -0.137969, 0.401514, 

Ausgeführte Steuersignale: 
4.34731 s: -0.276673
4.55731 s: -0.71833

Echte Zustände: 
4.34731 s: 48.786, -7.15037, 37.5717, 8.57689, -1.34714, -1.19411, 0, 
4.55731 s: 49.6087, -46.0033, 46.7371, 1.85394, -1.47349, -0.640169, 0.0553902, 
4.56565 s: 41.5146, -30.4396, 47.107, 1.5422, -1.47888, -0.649291, 0.0593519, 

Unabänderliche Steuersignale: 
4.56565 s: -1.03177
4.71432 s: 0.346179

Erwartete Zustände: 
4.56565 s: 41.5146, -30.4396, 1.5422, -1.47888, 0, -0.648501, 0.545835, 
4.71432 s: 63.7966, -48.5832, 11.1367, -6.33968, -0.0764778, -0.0025469, 0.586829, 

Optimale Steuerung: 
4.79581 s: -1.19999
5.00581 s: -1.16913
5.21581 s: -0.938449
5.42581 s: 0.733381

Angestrebte Zustände: 
4.79581 s: 63.7966, -48.5832, 11.1367, -6.33968, -0.0764778, -0.0025469, 0.586829, 
5.00581 s: 25, -25, 23.118, -33.8198, 0.159935, -1.2, 0.5, 
5.21581 s: -25, 25, 26.0091, -32.372, -0.371749, -0.907034, 0.253635, 
5.42581 s: -25, 25, 14.6531, 10.9883, -0.38, -0.0709602, 0.355475, 

Ausgeführte Steuersignale: 
4.56565 s: -1.03177
4.77565 s: 0.914636

Echte Zustände: 
4.56565 s: 41.5146, -30.4396, 47.107, 1.5422, -1.47888, 0, 0, 
4.77565 s: 39.6581, -16.1796, 55.7805, -4.548, -1.51311, 0.55539, 0.0670187, 
4.81565 s: 45.4846, -42.036, 57.6976, -6.18207, -1.48771, 0.63462, 0.0879081, 

Unabänderliche Steuersignale: 
4.81565 s: -1.19999
5.02565 s: -1.16913
5.04581 s: -1.14698

Erwartete Zustände: 
4.81565 s: 45.4846, -42.036, -6.18207, -1.48771, 0, -0.0025469, 0.586829, 
5.02565 s: 65.3279, -52.1606, 4.53279, -9.29302, -0.202681, -1.16903, 0.881512, 
5.04581 s: 68.8564, 4.81091, 5.76386, -9.73171, -0.226222, -1.16426, 0.908557, 

Optimale Steuerung: 
5.05573 s: -1.2
5.26573 s: 1.2
5.47573 s: 1.2
5.68573 s: -1.2

Angestrebte Zustände: 
5.05573 s: 68.8564, 4.81091, 5.76386, -9.73171, -0.226222, -1.16426, 0.908557, 
5.26573 s: 25, -25, 18.1131, -49.2791, -0.38, -1.2, 0, 
5.47573 s: -25, -25, -31.7398, -110.744, 0.38, 1.2, 0, 
5.68573 s: 25, -25, -57.4517, -138.252, 0.351794, -1.2, 0.5, 

Ausgeführte Steuersignale: 
4.81565 s: -1.19999
5.02565 s: -1.16913

Echte Zustände: 
4.81565 s: 45.4846, -42.036, 57.6976, -6.18207, -1.48771, 0, 0, 
5.02565 s: 72.1342, 34.1131, 68.9979, -9.95577, -1.69029, -1.16901, 0.294684, 
5.06565 s: 58.0866, -42.0494, 70.9683, -10.2551, -1.73682, -1.15278, 0.347329, 

Unabänderliche Steuersignale: 
5.06565 s: -1.2
5.27565 s: 1.2
5.30573 s: 1.2

Erwartete Zustände: 
5.06565 s: 58.0866, -42.0494, -10.2551, -1.73682, 0, -1.16426, 0.908557, 
5.27565 s: 87.3747, -77.0328, 6.58289, -11.3266, -0.0756515, 0.750963, 1.00936, 
5.30573 s: 86.661, 1.30876, 9.13169, -12.892, -0.0490072, 0.990335, 1.05268, 

Optimale Steuerung: 
5.31069 s: 1.03038
5.52069 s: 0.0961811
5.73069 s: -1.2
5.94069 s: 0.271227
6.15069 s: -1.19982

Angestrebte Zustände: 
5.31069 s: 86.661, 1.30876, 9.13169, -12.892, -0.0490072, 0.990335, 1.05268, 
5.52069 s: 25, -25, 65.9896, -47.2074, 0.11413, 0.241688, 0.0488569, 
5.73069 s: 23.224, 5.49703, 111.958, -79.4442, -0.0310628, -0.877538, 0.0339502, 
5.94069 s: -25, 25, 84.1891, -41.6806, -0.353621, -0.259586, 0.00470588, 
6.15069 s: -14.1209, 15.3712, 49.4455, -0.504969, -0.38, -0.681114, 0, 

Ausgeführte Steuersignale: 
5.06565 s: -1.2
5.27565 s: 1.2

Echte Zustände: 
5.06565 s: 58.0866, -42.0494, 70.9683, -10.2551, -1.73682, 0, 0, 
5.27565 s: 2.58173, 61.902, 73.4641, 0.607956, -1.76671, 0.75668, 0.1008, 
5.42565 s: 3.5801, 63.8971, 70.2685, 10.0828, -1.60383, 1.19006, 0.3168, 

Unabänderliche Steuersignale: 
5.42565 s: 1.03038
5.63565 s: 0.0961811
5.67069 s: -0.120105

Erwartete Zustände: 
5.42565 s: 3.5801, 63.8971, 10.0828, -1.60383, 0, 0.990335, 1.05268, 
5.63565 s: -22.4927, 83.1031, 17.7151, 5.50437, 0.146709, 0.270839, 1.13458, 
5.67069 s: 50.8933, 24.5402, 18.5794, 7.35793, 0.153226, 0.0952231, 1.13472, 

Optimale Steuerung: 
5.72817 s: -1.2
5.93817 s: -1.2
6.14817 s: -0.224841
6.35817 s: 1.14501

Angestrebte Zustände: 
5.72817 s: 50.8933, 24.5402, 18.5794, 7.35793, 0.153226, 0.0952231, 1.13472, 
5.93817 s: 25, -25, 43.5763, -7.04725, -0.0343928, -1.2, 0.5, 
6.14817 s: -20.5328, -25, 48.9526, -18.6146, -0.213026, 0.0635207, 0.452694, 
6.35817 s: 18.8237, -18.8714, 52.1975, -23.4748, 0.0806702, 1.02907, 0.5, 

Ausgeführte Steuersignale: 
5.42565 s: 1.03038
5.63565 s: 0.0961811

Echte Zustände: 
5.42565 s: 3.5801, 63.8971, 70.2685, 10.0828, -1.60383, 0, 0, 
5.63565 s: -11.6211, 54.0324, 64.6172, 22.8174, -1.49605, 0.265977, 0.0819019, 
5.65965 s: 16.1343, 70.783, 64.9507, 24.5018, -1.491, 0.151541, 0.0819575, 

Unabänderliche Steuersignale: 
5.42565 s: -0.0519539
5.49417 s: -0.474884

Erwartete Zustände: 
5.42565 s: 16.1343, 70.783, 24.5018, -1.491, 0, -0.648501, 0.545835, 
5.49417 s: 65.856, -0.87967, 27.0963, 1.20066, -0.0286807, -0.379361, 0.551611, 
5.42565 s: 3.95738e-270, 0, 0, 0, 0, 0, 0, 

Unabänderliche Steuersignale: 
5.65965 s: -1.2
5.86965 s: -1.2
5.96217 s: -0.770369

Erwartete Zustände: 
5.65965 s: 3.95738e-270, 0, 0, 0, 0, 0, 0, 
5.86965 s: -18.3744, -6.98082, -2.57174, -4.13175, -0.204833, -1.19411, 0.3024, 
5.96217 s: 22.3734, 16.4739, -2.21397, -3.91897, -0.306194, -0.935598, 0.393623, 

Optimale Steuerung: 
5.92791 s: 0.697701
6.13791 s: 0.795967
6.34791 s: 1.19985
6.55791 s: -1.19272
6.76791 s: -1.2

Angestrebte Zustände: 
5.92791 s: 22.3734, 16.4739, -2.21397, -3.91897, -0.306194, -0.935598, 0.393623, 
6.13791 s: 25, -24.276, 51.1852, -22.1162, -0.133846, 1.2, 0.0140666, 
6.34791 s: -25, -24.5609, 51.3375, -24.605, 0.134043, 1.2, 0.0262149, 
6.55791 s: 25, 22.3147, 45.98, -21.9594, 0.38, 0.970952, 0.0188751, 
6.76791 s: 3.8772, -25, 49.778, -19.0635, 0.101167, -1.2, 0.023782, 

Ausgeführte Steuersignale: 
5.72817 s: -1.2

Echte Zustände: 
5.72817 s: 16.1343, 70.783, 64.9507, 24.5018, -1.491, 0.151541, 0, 
5.86265 s: -51.8251, 22.3987, 61.1311, 32.5635, -1.60076, -1.1551, 0.19365, 

Unabänderliche Steuersignale: 
5.72817 s: -1.2

Erwartete Zustände: 
5.65965 s: -51.8251, 22.3987, 32.5635, -1.60076, 0, -0.648501, 0.545835, 
5.72491 s: -63.4034, 6.85556, 27.7602, 0.211263, -0.0607028, -1.09431, 0.63981, 

Unabänderliche Steuersignale: 
5.86265 s: 0.697701
6.06239 s: 0.791165

Erwartete Zustände: 
5.86265 s: -63.4034, 6.85556, 27.7602, 0.211263, -0.0607028, -1.09431, 0.63981, 
6.06239 s: -63.9631, 4.25031, 13.9506, 5.16558, 0.0146897, 0.761391, 0.750648, 

Optimale Steuerung: 
6.09828 s: -0.851115
6.30828 s: 1.12334
6.51828 s: 1.2
6.72828 s: 0.645962

Angestrebte Zustände: 
6.09828 s: -63.9631, 4.25031, 13.9506, 5.16558, 0.0146897, 0.761391, 0.750648, 
6.30828 s: 25, 18.6474, 54.2776, -7.5636, -0.262826, -0.479205, 0.211928, 
6.51828 s: 25, -25, 113.918, -24.4408, -0.185141, 1.2, 0.310687, 
6.72828 s: -24.9973, 25, 54.858, -2.54191, 0.38, -0.816276, 0.216272, 

Ausgeführte Steuersignale: 
5.92791 s: 0.697701

Echte Zustände: 
5.92791 s: -51.8251, 22.3987, 61.1311, 32.5635, -1.60076, -1.1551, 0, 
6.09828 s: -78.9425, 84.0484, 53.4288, 41.3921, -1.54973, 0.734375, 0.0927709, 

Unabänderliche Steuersignale: 
6.09828 s: -0.851115
6.26865 s: 0.750727

Erwartete Zustände: 
6.09828 s: -78.9425, 84.0484, 41.3921, -1.54973, 0, 0.761391, 0.750648, 
6.26865 s: -43.2316, 56.1589, 31.3792, 10.0647, 0.00548996, 0.405908, 0.787506, 

Optimale Steuerung: 
6.33359 s: -1.2
6.54359 s: -0.778757
6.75359 s: 1.2
6.96359 s: 0.157128

Angestrebte Zustände: 
6.33359 s: -43.2316, 56.1589, 31.3792, 10.0647, 0.00548996, 0.405908, 0.787506, 
6.54359 s: 25, -25, 29.3469, -1.85638, -0.172172, -1.19848, 0.499974, 
6.75359 s: 25, -25, 82.3411, -18.656, 0.289355, 1.19091, 0.129511, 
6.96359 s: -24.0106, 25, 70.2891, -22.0838, 0.379906, -0.178715, 0.00017205, 

Ausgeführte Steuersignale: 
6.09828 s: -0.851115
6.30828 s: 1.12334

Echte Zustände: 
6.09828 s: -78.9425, 84.0484, 53.4288, 41.3921, -1.54973, 0, 0, 
6.30828 s: -41.4158, 49.2168, 44.8017, 52.5929, -1.55109, 0.757953, 0.0721134, 
6.34828 s: -35.0906, 44.9155, 43.7446, 54.4307, -1.51527, 0.99603, 0.123248, 

Unabänderliche Steuersignale: 
6.34828 s: -1.2
6.55828 s: -0.778757
6.58359 s: -0.540222

Erwartete Zustände: 
6.34828 s: -35.0906, 44.9155, 54.4307, -1.51527, 0, 0.405908, 0.787506, 
6.55828 s: -31.7221, 24.6109, 55.083, 3.48308, -0.158172, -0.849717, 0.996174, 
6.58359 s: -35.9893, 34.9762, 53.962, 4.5268, -0.178659, -0.753719, 1.0073, 

Optimale Steuerung: 
6.59094 s: 0.421572
6.80094 s: 1.10186
7.01094 s: 1.2
7.22094 s: -0.325329
7.43094 s: -1.2

Angestrebte Zustände: 
6.59094 s: -35.9893, 34.9762, 53.962, 4.5268, -0.178659, -0.753719, 1.0073, 
6.80094 s: 25, -25, 79.8799, -27.4366, 0.0467976, 1.05522, 0.345922, 
7.01094 s: -23.4197, 19.1228, 90.6978, -15.9656, 0.374372, 1.2, 0.5, 
7.22094 s: -22.0888, -25, 76.893, -64.8909, 0.176624, -0.445997, 0.488077, 
7.43094 s: 3.78751, 16.0095, 74.5881, -121.492, -0.144744, -0.918383, 0, 

Ausgeführte Steuersignale: 
6.34828 s: -1.2
6.55828 s: -0.778757

Echte Zustände: 
6.34828 s: -35.0906, 44.9155, 43.7446, 54.4307, -1.51527, 0, 0, 
6.55828 s: 6.60335, 55.223, 40.09, 66.6525, -1.6894, -0.85171, 0.208668, 
6.58228 s: 56.7421, 33.9661, 40.9361, 67.8493, -1.70892, -0.761823, 0.219406, 

Unabänderliche Steuersignale: 
6.34828 s: -0.552614
6.35694 s: -0.471037

Erwartete Zustände: 
6.34828 s: 56.7421, 33.9661, 67.8493, -1.70892, 0, 0.761391, 0.750648, 
6.35694 s: 35.5276, 55.9308, 68.2515, -1.31725, 0.00545583, 0.511088, 0.75292, 
6.34828 s: 3.95738e-270, 0, 0, 0, 0, 0, 0, 

Unabänderliche Steuersignale: 
6.58228 s: 0.421572
6.79228 s: 1.10186
6.82494 s: 1.11712

Erwartete Zustände: 
6.58228 s: 3.95738e-270, 0, 0, 0, 0, 0, 0, 
6.79228 s: 10.2339, -32.0225, -2.45213, -1.8535, 0.121548, 0.97246, 0.129943, 
6.82494 s: 2.66534, -28.2324, -2.0651, -2.96667, 0.154713, 1.05013, 0.170144, 

Optimale Steuerung: 
6.82061 s: -1.2
7.03061 s: 1.08091
7.24061 s: 1.15551
7.45061 s: 1.19153
7.66061 s: 0.153976

Angestrebte Zustände: 
6.82061 s: 2.66534, -28.2324, -2.0651, -2.96667, 0.154713, 1.05013, 0.170144, 
7.03061 s: 25, -24.4473, 78.519, -44.1841, -0.38, 0.656166, 0.00454943, 
7.24061 s: 23.0619, 25, 104.609, -42.2787, -0.284937, 1.1607, 0, 
7.45061 s: -24.8052, 24.8087, 114.111, -11.4555, 0.35906, 0.904645, 0.229746, 
7.66061 s: -25, 24.9933, 79.5094, 27.2801, 0.356062, 0.968585, 0.337411, 

Ausgeführte Steuersignale: 
6.59094 s: 0.421572
6.72328 s: 0.850291

Echte Zustände: 
6.59094 s: 56.7421, 33.9661, 40.9361, 67.8493, -1.70892, -0.761823, 0, 
6.72328 s: 50.5101, 47.3645, 45.4068, 72.4938, -1.68192, 0.685319, 0.0555475, 
6.80094 s: 34.0121, 57.4384, 50.0584, 73.3336, -1.61732, 0.968719, 0.129943, 

Unabänderliche Steuersignale: 
6.59094 s: 0.850291

Erwartete Zustände: 
6.58228 s: 50.5101, 47.3645, 72.4938, -1.68192, 0, 0, 0, 
6.65994 s: 28.0754, 62.724, 75.7378, 1.47842, 0.0413254, 0.872765, 0.0743958, 

Unabänderliche Steuersignale: 
6.72328 s: -1.2
6.93328 s: 1.08091
6.95295 s: 1.0879

Erwartete Zustände: 
6.72328 s: 28.0754, 62.724, 75.7378, 1.47842, 0.0413254, 0.872765, 0.0743958, 
6.93328 s: 56.0556, 44.2215, 86.0556, 9.48247, 0.0370608, 0.664167, 0.166185, 
6.95295 s: -18.4849, 96.5369, 86.53, 10.8362, 0.0518766, 0.829123, 0.189317, 

Optimale Steuerung: 
6.91294 s: 1.2
7.12294 s: -1.03121
7.33294 s: 1.04953
7.54294 s: 0.495807

Angestrebte Zustände: 
6.91294 s: -18.4849, 96.5369, 86.53, 10.8362, 0.0518766, 0.829123, 0.189317, 
7.12294 s: -23.4974, -24.9305, 67.879, -69.8751, 0.0414361, -0.331221, 0.5, 
7.33294 s: -25, -23.8002, 16.189, -83.6413, 0.38, 0.912279, 0.138288, 
7.54294 s: -25, 25, -1.08061, -26.1579, 0.37033, 0.820761, 0, 

Ausgeführte Steuersignale: 
6.82061 s: -1.2

Echte Zustände: 
6.82061 s: 34.0121, 57.4384, 50.0584, 73.3336, -1.61732, 0.968719, 0, 
6.92628 s: 52.4028, -2.56618, 52.3902, 79.1602, -1.63328, -0.302319, 0.053027, 

Unabänderliche Steuersignale: 
6.92628 s: 1.2
7.01861 s: 0.218951

Erwartete Zustände: 
6.92628 s: 52.4028, -2.56618, 79.1602, -1.63328, 0, 0.829123, 0.189317, 
7.01861 s: -11.8454, 56.4428, 81.732, 0.701401, 0.0760495, 0.562296, 0.243201, 

Optimale Steuerung: 
7.12261 s: -0.183635
7.33261 s: -1.2
7.54261 s: -0.643212
7.75261 s: 1.05884

Angestrebte Zustände: 
7.12261 s: -11.8454, 56.4428, 81.732, 0.701401, 0.0760495, 0.562296, 0.243201, 
7.33261 s: 25, -25, 86.1312, -2.48438, -0.132854, -1.2, 0.304784, 
7.54261 s: -25, 24.7844, 84.3015, -3.35621, -0.327096, -0.758128, 0.393364, 
7.75261 s: -25, 25, 76.5942, 23.6575, -0.166379, 0.574473, 0.233422, 

Ausgeführte Steuersignale: 
6.92628 s: 1.2
7.13628 s: -1.03121

Echte Zustände: 
6.92628 s: 52.4028, -2.56618, 52.3902, 79.1602, -1.63328, 0, 0, 
7.13628 s: 91.5086, -67.0921, 61.0168, 85.771, -1.59108, -0.619485, 0.0886161, 
7.14528 s: 61.7871, -21.2969, 61.6681, 85.4041, -1.59702, -0.693947, 0.0973829, 

Unabänderliche Steuersignale: 
7.14528 s: -0.183635
7.34161 s: -1.13385

Erwartete Zustände: 
7.14528 s: 61.7871, -21.2969, 85.4041, -1.59702, 0, 0.562296, 0.243201, 
7.34161 s: -42.3312, 52.2387, 88.6764, 6.24576, -0.070038, -0.938827, 0.34317, 

Optimale Steuerung: 
7.35295 s: 1.07231
7.56295 s: -1.2
7.77295 s: 0.136963
7.98295 s: 0.448075

Angestrebte Zustände: 
7.35295 s: -42.3312, 52.2387, 88.6764, 6.24576, -0.070038, -0.938827, 0.34317, 
7.56295 s: -17.44, 25, 91.1224, 16.2294, 0.351724, -1.2, 0, 
7.77295 s: 25, 24.7579, 115.547, 38.231, -0.290135, -0.214362, 0.182196, 
7.98295 s: -22.8916, -25, 132.275, 25.6832, -0.192067, 1.14962, 0, 

Ausgeführte Steuersignale: 
7.14528 s: -0.183635
7.35528 s: -1.2

Echte Zustände: 
7.14528 s: 61.7871, -21.2969, 61.6681, 85.4041, -1.59702, 0, 0, 
7.35528 s: 33.2191, 57.4628, 70.3068, 93.33, -1.70245, -1.00886, 0.118586, 
7.39528 s: -35.4495, 64.0292, 69.9645, 95.6019, -1.74508, -1.0912, 0.171245, 

Unabänderliche Steuersignale: 
7.39528 s: 1.07231
7.60295 s: -1.17475

Erwartete Zustände: 
7.39528 s: -35.4495, 64.0292, 95.6019, -1.74508, 0, -0.938827, 0.34317, 
7.60295 s: -71.0763, 65.4078, 80.7868, 13.2853, -0.0176984, -0.760038, 0.431095, 

Optimale Steuerung: 
7.62411 s: 0.945766
7.83411 s: 1.2
8.04411 s: 1.2
8.25411 s: 1.2

Angestrebte Zustände: 
7.62411 s: -71.0763, 65.4078, 80.7868, 13.2853, -0.0176984, -0.760038, 0.431095, 
7.83411 s: 25, -25, 90.7023, 1.88835, 0.38, 1.2, 0, 
8.04411 s: 25, -25, 108.062, -49.5138, 0.38, 1.2, 0, 
8.25411 s: 25, -24.9632, 135.805, -89.9217, 0.38, 1.2, 0.5, 

Ausgeführte Steuersignale: 
7.39528 s: 1.07231
7.60528 s: -1.2

Echte Zustände: 
7.39528 s: -35.4495, 64.0292, 69.9645, 95.6019, -1.74508, 0, 0, 
7.60528 s: -10.7082, 50.133, 78.2902, 102.306, -1.72768, -0.779953, 0.0912153, 
7.62928 s: -6.52797, 51.1167, 77.7833, 103.719, -1.7486, -0.932929, 0.121562, 

Unabänderliche Steuersignale: 
7.62928 s: 0.945766
7.83928 s: 1.2
7.85811 s: 1.2

Erwartete Zustände: 
7.62928 s: -6.52797, 51.1167, 103.719, -1.7486, 0, -0.760038, 0.431095, 
7.83928 s: 42.3063, 47.0116, 109.561, 4.88166, 0.150094, 1.14404, 0.673952, 
7.85811 s: 47.0572, 19.3004, 110.441, 5.53506, 0.171856, 1.16526, 0.701072, 

Optimale Steuerung: 
7.8607 s: 1.2
8.0707 s: 1.06534
8.2807 s: -1.2
8.4907 s: 1.2
8.7007 s: -0.292906

Angestrebte Zustände: 
7.8607 s: 47.0572, 19.3004, 110.441, 5.53506, 0.171856, 1.16526, 0.701072, 
8.0707 s: 25, -25, 131.844, -13.2379, 0.364711, 1.11038, 0.251728, 
8.2807 s: -24.4659, -25, 135.898, -31.4411, 0.264868, -1.2, 0.492753, 
8.4907 s: -23.9, -25, 121.868, -37.5972, -0.0941396, 0.356442, 0.499323, 
8.7007 s: 23.0729, -25, 130.205, -51.8493, -0.0622135, 1.05657, 0.408898, 

Ausgeführte Steuersignale: 
7.62928 s: 0.945766
7.83928 s: 1.2

Echte Zustände: 
7.62928 s: -6.52797, 51.1167, 77.7833, 103.719, -1.7486, 0, 0, 
7.83928 s: 66.9635, -27.572, 83.8822, 109.166, -1.56864, 1.14777, 0.242857, 
7.89528 s: 6.28813, 47.7479, 86.0911, 110.156, -1.503, 1.18735, 0.323497, 

Unabänderliche Steuersignale: 
7.89528 s: 1.2
8.10528 s: 1.06534
8.1267 s: 0.834314

Erwartete Zustände: 
7.89528 s: 6.28813, 47.7479, 110.156, -1.503, 0, 1.16526, 0.701072, 
8.10528 s: 42.7508, 33.359, 115.917, 4.68181, 0.240819, 1.09037, 0.970807, 
8.1267 s: 46.7906, -2.00331, 116.881, 5.032, 0.263656, 1.0272, 0.990224, 

Optimale Steuerung: 
8.14399 s: 1.19995
8.35399 s: -1.18372
8.56399 s: -1.19299
8.77399 s: 0.827726
8.98399 s: -1.2

Angestrebte Zustände: 
8.14399 s: 46.7906, -2.00331, 116.881, 5.032, 0.263656, 1.0272, 0.990224, 
8.35399 s: 25, 25, 253.599, 89.5788, 0.267095, 1.2, 0.498816, 
8.56399 s: -21.5139, -23.5429, 224.662, 194.633, -0.213608, -1.18759, 0.494179, 
8.77399 s: 25, 24.6696, 185.11, 225.873, -0.3747, 1.2, 0.493876, 
8.98399 s: -22.3549, 25, 295.394, 339.78, -0.374555, -1.19815, 0, 

Ausgeführte Steuersignale: 
7.89528 s: 1.2
8.10528 s: 1.06534

Echte Zustände: 
7.89528 s: 6.28813, 47.7479, 86.0911, 110.156, -1.503, 0, 0, 
8.10528 s: 40.4352, 22.3955, 90.5722, 117.022, -1.30798, 1.08465, 0.269735, 
8.17628 s: 21.1941, 38.637, 93.7673, 117.572, -1.24268, 0.658128, 0.306268, 

Unabänderliche Steuersignale: 
8.17628 s: 1.19995
8.38628 s: -1.18372
8.42499 s: -1.18543

Erwartete Zustände: 
8.17628 s: 21.1941, 38.637, 117.572, -1.24268, 0, 1.0272, 0.990224, 
8.38628 s: 49.7375, 21.802, 123.935, 5.03007, 0.0714461, -0.73841, 1.08967, 
8.42499 s: 11.0187, 48.0358, 125.583, 5.91721, 0.0366056, -1.0172, 1.14399, 

Optimale Steuerung: 
8.44113 s: -1.16797
8.65113 s: 1.19174
8.86113 s: 0.976312
9.07113 s: 0.961764

Angestrebte Zustände: 
8.44113 s: 11.0187, 48.0358, 125.583, 5.91721, 0.0366056, -1.0172, 1.14399, 
8.65113 s: -25, 25, 117.143, 60.9966, 0.371558, 1.2, 0, 
8.86113 s: -20.3002, 25, 102.831, 98.2813, 0.376973, 1.18177, 0.491669, 
9.07113 s: 25, 22.1323, 107.217, 104.245, 0.38, -1.11735, 0.36667, 

Ausgeführte Steuersignale: 
8.17628 s: 1.19995
8.38628 s: -1.18372

Echte Zustände: 
8.17628 s: 21.1941, 38.637, 93.7673, 117.572, -1.24268, 0, 0, 
8.38628 s: -7.36198, 63.5855, 98.2406, 124.169, -1.21161, -0.743454, 0.0994462, 
8.39528 s: 17.6509, 51.747, 98.2939, 124.682, -1.21872, -0.833201, 0.112061, 

Unabänderliche Steuersignale: 
8.17628 s: -1.18411
8.22213 s: -1.18614

Erwartete Zustände: 
8.17628 s: 17.6509, 51.747, 124.682, -1.21872, 0, -0.938827, 0.34317, 
8.22213 s: 33.7397, 19.6229, 125.711, 0.662577, -0.0476561, -1.10811, 0.407573, 
8.17628 s: 3.95738e-270, 0, 0, 0, 0, 0, 0, 

Unabänderliche Steuersignale: 
8.39528 s: -1.16797
8.60528 s: 1.19174
8.66013 s: 1.13547

Erwartete Zustände: 
8.39528 s: 3.95738e-270, 0, 0, 0, 0, 0, 0, 
8.60528 s: -29.4969, -18.2391, -2.44688, -4.12309, -0.0273579, 0.755806, 0.0974735, 
8.66013 s: -38.724, 15.5457, -4.43333, -3.83497, 0.024567, 1.05716, 0.171759, 

Optimale Steuerung: 
8.63721 s: 1.2
8.84721 s: 1.09338
9.05721 s: 0.775534
9.26721 s: 1.18779

Angestrebte Zustände: 
8.63721 s: -38.724, 15.5457, -4.43333, -3.83497, 0.024567, 1.05716, 0.171759, 
8.84721 s: 25, -25, -4.33043, -5.91088, 0.0864032, 1.19583, 0.0551429, 
9.05721 s: 25, -25, 3.72132, -13.6542, 0.290128, 1.0553, 0.0716487, 
9.26721 s: 25, -24.1594, 11.3905, -21.0074, 0.38, 1.2, 0.18133, 

Ausgeführte Steuersignale: 
8.44113 s: -1.16797
8.65113 s: 1.19174

Echte Zustände: 
8.44113 s: 17.6509, 51.747, 98.2939, 124.682, -1.21872, -0.833201, 0, 
8.65113 s: 23.4341, 19.8822, 103.185, 129.14, -1.27883, 0.751715, 0.0974735, 
8.70728 s: 27.8765, 13.1131, 105.076, 129.456, -1.22566, 1.05867, 0.173423, 

Unabänderliche Steuersignale: 
8.70728 s: 1.2
8.90335 s: 1.10045

Erwartete Zustände: 
8.70728 s: 27.8765, 13.1131, 129.456, -1.22566, 0, 1.05716, 0.171759, 
8.90335 s: 17.5508, 26.6358, 132.972, 2.22745, 0.223071, 1.11937, 0.431329, 

Optimale Steuerung: 
8.98424 s: -1.2
9.19424 s: 1.2
9.40424 s: -1.2
9.61424 s: 1.2

Angestrebte Zustände: 
8.98424 s: 17.5508, 26.6358, 132.972, 2.22745, 0.223071, 1.11937, 0.431329, 
9.19424 s: -25, 25, 107.478, 28.5443, -0.325944, -1.2, 0, 
9.40424 s: -5.58034, -25, 88.5461, 34.3053, -0.38, -1.18317, 0.5, 
9.61424 s: -25, 25, 90.4961, 33.6235, -0.379999, 1.2, 0.5, 

Ausgeführte Steuersignale: 
8.70728 s: 1.2
8.91728 s: 1.09338

Echte Zustände: 
8.70728 s: 27.8765, 13.1131, 105.076, 129.456, -1.22566, 0, 0, 
8.91728 s: 3.6008, 37.7239, 109.106, 133.612, -1.0286, 1.10744, 0.276328, 
8.97328 s: 27.0843, 19.3807, 109.516, 135.611, -0.967766, 1.05733, 0.338219, 

Unabänderliche Steuersignale: 
8.70728 s: 1.00862
8.71824 s: 0.992028

Erwartete Zustände: 
8.70728 s: 27.0843, 19.3807, 135.611, -0.967766, 0, 1.05716, 0.171759, 
8.71824 s: 28.4597, 12.1526, 135.916, -0.794171, 0.0115149, 1.04329, 0.18273, 
8.70728 s: 3.95738e-270, 0, 0, 0, 0, 0, 0, 

Unabänderliche Steuersignale: 
8.97328 s: -1.2
9.18328 s: 1.2
9.25024 s: 0.434702

Erwartete Zustände: 
8.97328 s: 3.95738e-270, 0, 0, 0, 0, 0, 0, 
9.18328 s: -29.7513, -17.5534, -2.4739, -4.13898, -0.0298889, 0.75668, 0.1008, 
9.25024 s: -30.6718, 3.36765, -4.85493, -3.7236, 0.0262176, 0.721902, 0.148804, 

Optimale Steuerung: 
9.24476 s: 1.2
9.45476 s: 0.236441
9.66476 s: -1.2
9.87476 s: -1.2

Angestrebte Zustände: 
9.24476 s: -30.6718, 3.36765, -4.85493, -3.7236, 0.0262176, 0.721902, 0.148804, 
9.45476 s: 25, -25, 27.9889, -22.1226, 0.269108, 1.2, 0.0507929, 
9.66476 s: 25, -25, 52.2987, -38.4813, 0.232482, -1.2, 0.117612, 
9.87476 s: 25, -25, 61.5428, -48.5758, -0.279394, -1.2, 0.5, 

Ausgeführte Steuersignale: 
8.98424 s: -1.2
9.16028 s: 0.811845

Echte Zustände: 
8.98424 s: 27.0843, 19.3807, 109.516, 135.611, -0.967766, 1.05733, 0, 
9.16028 s: 25.2702, 7.85452, 113.325, 139.696, -0.975644, 0.391842, 0.0660065, 
9.19424 s: 32.3116, -9.41253, 114.255, 139.687, -0.956095, 0.761872, 0.1008, 

Unabänderliche Steuersignale: 
8.98424 s: 0.811845

Erwartete Zustände: 
8.97328 s: 25.2702, 7.85452, 139.696, -0.975644, 0, 0, 0, 
9.00724 s: 37.2716, 23.7529, 140.742, -0.449249, 0.0106214, 0.596032, 0.0347935, 

Unabänderliche Steuersignale: 
9.16028 s: 1.2
9.37028 s: 0.236441
9.4208 s: -0.109114

Erwartete Zustände: 
9.16028 s: 37.2716, 23.7529, 140.742, -0.449249, 0.0106214, 0.596032, 0.0347935, 
9.37028 s: 22.9158, -0.686768, 146.337, -0.989251, 0.168645, 0.413826, 0.159368, 
9.4208 s: 27.3281, -10.7661, 147.692, -1.05155, 0.182865, 0.135244, 0.160075, 

Optimale Steuerung: 
9.38952 s: -1.19774
9.59952 s: 1.16085
9.80952 s: -1.19987
10.0195 s: -1.2
10.2295 s: -1.2
10.4395 s: -1.19621

Angestrebte Zustände: 
9.38952 s: 27.3281, -10.7661, 147.692, -1.05155, 0.182865, 0.135244, 0.160075, 
9.59952 s: -25, -8.10133, 125.561, -15.614, 0.313777, 0.419942, 0, 
9.80952 s: -25, -23.8812, 104.722, -21.0048, 0.205179, -1.2, 0.387936, 
10.0195 s: -25, -13.8945, 80.2162, -23.3943, -0.369455, -1.19882, 0.492128, 
10.2295 s: 25, -25, 74.852, -31.7301, -0.38, 0.217659, 0.498895, 
10.4395 s: -22.6322, -25, 86.1875, -53.8355, -0.38, -1.2, 0.356523, 

Ausgeführte Steuersignale: 
9.24476 s: 1.2
9.45476 s: 0.236441

Echte Zustände: 
9.24476 s: 32.3116, -9.41253, 114.255, 139.687, -0.956095, 0.761872, 0, 
9.45476 s: 37.6675, -9.09035, 118.089, 142.911, -0.791553, 0.414641, 0.124574, 
9.55128 s: -18.3367, 32.0072, 119.098, 144.449, -0.777833, -0.161565, 0.128927, 

Unabänderliche Steuersignale: 
9.55128 s: -1.19774
9.69604 s: 0.428107

Erwartete Zustände: 
9.55128 s: -18.3367, 32.0072, 144.449, -0.777833, 0, 0.135244, 0.160075, 
9.69604 s: -15.1001, 24.8209, 141.483, 2.1339, -0.051547, 0.0299665, 0.213399, 

Optimale Steuerung: 
9.8614 s: 0.77388
10.0714 s: 0.0343135
10.2814 s: 0.475378
10.4914 s: 1.2
10.7014 s: -0.76874
10.9114 s: -0.836793

Angestrebte Zustände: 
9.8614 s: -15.1001, 24.8209, 141.483, 2.1339, -0.051547, 0.0299665, 0.213399, 
10.0714 s: -25, 25, 137.236, 7.43359, 0.0177308, 0.591463, 0.208521, 
10.2814 s: -19.9047, 5.26032, 132.461, 10.7224, 0.0921689, 0.106661, 0.159874, 
10.4914 s: 9.60695, 22.3624, 131.396, 13.6459, 0.239961, 1.2, 0.354031, 
10.7014 s: -0.440989, 18.8198, 132.352, 17.963, 0.35923, -0.137412, 0.5, 
10.9114 s: -25, 24.8502, 129.566, 22.5892, 0.238389, -1.07927, 0.5, 

Ausgeführte Steuersignale: 
9.55128 s: -1.19774
9.76128 s: 1.16085
9.97128 s: -1.19987

Echte Zustände: 
9.55128 s: -18.3367, 32.0072, 119.098, 144.449, -0.777833, 0, 0, 
9.76128 s: 4.22763, 22.8099, 115.607, 148.719, -0.810354, 0.725272, 0.097423, 
9.97128 s: -7.47629, -5.85725, 119.139, 148.921, -0.755777, -0.760146, 0.19503, 
10.0043 s: -24.5469, 3.841, 118.619, 148.83, -0.785536, -1.00917, 0.242541, 

Unabänderliche Steuersignale: 
10.0043 s: 0.77388
10.2143 s: 0.0343135
10.3144 s: 0.244597

Erwartete Zustände: 
10.0043 s: -24.5469, 3.841, 148.83, -0.785536, 0, 0.0299665, 0.213399, 
10.2143 s: 1.14703, -19.5274, 148.643, -4.88068, 0.0793651, 0.169087, 0.257263, 
10.3144 s: 19.1591, -26.4234, 149.395, -6.7444, 0.0929398, 0.178898, 0.259579, 

Optimale Steuerung: 
10.3858 s: -1.2
10.5958 s: -1.2
10.8058 s: -1.1938
11.0158 s: 1.2

Angestrebte Zustände: 
10.3858 s: 19.1591, -26.4234, 149.395, -6.7444, 0.0929398, 0.178898, 0.259579, 
10.5958 s: -25, 25, 130.855, 5.23435, -0.220305, -1.2, 0.0609639, 
10.8058 s: 24.1109, -24.248, 127.003, 3.89251, -0.38, -0.196009, 0.0557311, 
11.0158 s: -23.3255, -24.9028, 126.209, -1.72714, -0.379916, -0.935426, 0.116509, 

Ausgeführte Steuersignale: 
10.0043 s: 0.77388
10.2143 s: 0.0343135

Echte Zustände: 
10.0043 s: -24.5469, 3.841, 118.619, 148.83, -0.785536, 0, 0, 
10.2143 s: 12.5328, -19.5416, 116.628, 146.271, -0.707349, 0.16894, 0.0438635, 
10.2543 s: 17.084, -11.4192, 117.174, 145.636, -0.702142, 0.114403, 0.04412, 

Unabänderliche Steuersignale: 
10.0043 s: 0.118326
10.1358 s: 0.394642

Erwartete Zustände: 
10.0043 s: 17.084, -11.4192, 145.636, -0.702142, 0, 0.135244, 0.160075, 
10.1358 s: 35.4626, -25.589, 149.053, -2.96241, 0.0266328, 0.315253, 0.169567, 
10.0043 s: 3.95738e-270, 0, 0, 0, 0, 0, 0, 

Unabänderliche Steuersignale: 
10.2543 s: -1.2
10.4643 s: -1.2
10.6358 s: -1.19493

Erwartete Zustände: 
10.2543 s: 3.95738e-270, 0, 0, 0, 0, 0, 0, 
10.4643 s: -18.3745, -6.98087, -2.57174, -4.13175, -0.204832, -1.19411, 0.302399, 
10.6358 s: 7.2652, 36.5578, -2.04231, -0.764002, -0.410195, -1.19601, 0.548404, 

Optimale Steuerung: 
10.5701 s: -1.2
10.7801 s: 1.2
10.9901 s: 0.76446
11.2001 s: -1.2
11.4101 s: 0.832504

Angestrebte Zustände: 
10.5701 s: 7.2652, 36.5578, -2.04231, -0.764002, -0.410195, -1.19601, 0.548404, 
10.7801 s: 23.921, -24.8034, 31.6629, -7.06966, -0.38, -0.672514, 0.5, 
10.9901 s: 25, 25, 57.6116, 59.1206, -0.11707, 1.2, 0.312087, 
11.2001 s: 24.9059, 0.544078, 128.253, 83.5001, 0.338962, -0.209968, 0.0753408, 
11.4101 s: 25, -24.928, 154.276, 22.1815, 0.237931, -1.2, 0.186013, 

Ausgeführte Steuersignale: 
10.3858 s: -1.2

Echte Zustände: 
10.3858 s: 17.084, -11.4192, 117.174, 145.636, -0.702142, 0.114403, 0, 
10.5043 s: -15.5368, -21.3934, 118.987, 142.851, -0.794939, -1.13446, 0.170552, 

Unabänderliche Steuersignale: 
10.3858 s: -1.2

Erwartete Zustände: 
10.2543 s: -15.5368, -21.3934, 142.851, -0.794939, 0, 0.135244, 0.160075, 
10.3201 s: -13.3006, -22.3816, 142.597, -2.86092, -0.0361691, -0.947464, 0.254798, 

Unabänderliche Steuersignale: 
10.5043 s: -1.2
10.6885 s: 0.90537

Erwartete Zustände: 
10.5043 s: -13.3006, -22.3816, 142.597, -2.86092, -0.0361691, -0.947464, 0.254798, 
10.6885 s: 12.0727, 16.3568, 142.944, -3.2315, -0.118925, 0.46058, 0.326844, 

Optimale Steuerung: 
10.7872 s: -1.1867
10.9972 s: -1.19654
11.2072 s: 1.18316
11.4172 s: 1.2

Angestrebte Zustände: 
10.7872 s: 12.0727, 16.3568, 142.944, -3.2315, -0.118925, 0.46058, 0.326844, 
10.9972 s: -25, 12.8464, 111.183, 48.4159, -0.0934914, -1.2, 0.138781, 
11.2072 s: 25, 24.977, 115.605, 62.8813, -0.38, 1.16277, 0.00710533, 
11.4172 s: 25, -25, 138.843, 59.0532, -0.0896292, 1.2, 0.22135, 

Ausgeführte Steuersignale: 
10.5701 s: -1.2
10.7383 s: 0.722513

Echte Zustände: 
10.5701 s: -15.5368, -21.3934, 118.987, 142.851, -0.794939, -1.13446, 0, 
10.7383 s: 6.10457, -23.2771, 117.014, 140.145, -0.890908, 0.278395, 0.0614008, 
10.7801 s: -5.37718, -28.7078, 117.014, 139.076, -0.869419, 0.75111, 0.1008, 

Unabänderliche Steuersignale: 
10.5701 s: 0.722513

Erwartete Zustände: 
10.5043 s: 6.10457, -23.2771, 140.145, -0.890908, 0, 0, 0, 
10.5461 s: 17.3158, -20.361, 140.573, -1.81635, 0.0143111, 0.654439, 0.0393992, 

Unabänderliche Steuersignale: 
10.7383 s: -1.1867
10.9483 s: -1.19654
10.9554 s: -1.11597

Erwartete Zustände: 
10.7383 s: 17.3158, -20.361, 140.573, -1.81635, 0.0143111, 0.654439, 0.0393992, 
10.9483 s: 27.8835, 19.0646, 146.76, -1.26725, -0.163245, -1.18566, 0.337591, 
10.9554 s: 31.7125, 18.8818, 146.972, -1.13152, -0.171665, -1.18061, 0.347101, 

Optimale Steuerung: 
10.9967 s: -1.19266
11.2067 s: 1.03073
11.4167 s: -0.918203
11.6267 s: 1.2
11.8367 s: -1.2

Angestrebte Zustände: 
10.9967 s: 31.7125, 18.8818, 146.972, -1.13152, -0.171665, -1.18061, 0.347101, 
11.2067 s: 16.0269, 25, 117.282, 52.3288, -0.378267, -0.411299, 0.469382, 
11.4167 s: 25, 10.8077, 118.413, 74.6391, -0.38, 1.10968, 0, 
11.6267 s: 25, 19.9703, 120.551, 38.6399, -0.38, 1.16793, 0.162996, 
11.8367 s: 19.166, 1.28484, 91.4838, 10.1964, -0.38, 0.163784, 0.193154, 

Ausgeführte Steuersignale: 
10.7872 s: -1.1867

Echte Zustände: 
10.7872 s: -5.37718, -28.7078, 117.014, 139.076, -0.869419, 0.75111, 0, 
10.9103 s: -10.8534, -28.4616, 118.673, 135.378, -0.942558, -1.10485, 0.174214, 

Unabänderliche Steuersignale: 
10.7872 s: -1.19247

Erwartete Zustände: 
10.7383 s: -10.8534, -28.4616, 135.378, -0.942558, 0, -0.947464, 0.254798, 
10.8247 s: 11.202, -19.5079, 137.027, -3.72849, -0.09457, -1.16741, 0.378139, 

Unabänderliche Steuersignale: 
10.9103 s: -1.19266
11.1198 s: 1.02602

Erwartete Zustände: 
10.9103 s: 11.202, -19.5079, 137.027, -3.72849, -0.09457, -1.16741, 0.378139, 
11.1198 s: -36.2993, 5.99783, 136.207, -9.05375, -0.182239, 0.610008, 0.465556, 

Optimale Steuerung: 
11.1255 s: 0.925113
11.3355 s: 1.2
11.5455 s: 1.14028
11.7555 s: -1.2
11.9655 s: 0.34435

Angestrebte Zustände: 
11.1255 s: -36.2993, 5.99783, 136.207, -9.05375, -0.182239, 0.610008, 0.465556, 
11.3355 s: -25, 25, 106.639, 12.4503, -0.242062, 1.2, 0.385801, 
11.5455 s: 24.9287, -23.7605, 96.0923, 15.1523, 0.375742, 0.0269086, 0.283113, 
11.7555 s: 22.5926, 22.9059, 101.207, 18.1128, 0.122503, -0.216593, 0.5, 
11.9655 s: -22.5416, 24.9999, 101.808, 28.2769, -0.0977638, -1.19953, 0.5, 

Ausgeführte Steuersignale: 
10.9967 s: -1.19266

Echte Zustände: 
10.9967 s: -10.8534, -28.4616, 118.673, 135.378, -0.942558, -1.10485, 0, 
11.1913 s: 23.8026, -2.8104, 117.027, 135.624, -1.03574, 0.452666, 0.0739442, 

Unabänderliche Steuersignale: 
11.1913 s: 0.925113
11.3201 s: 1.09368

Erwartete Zustände: 
11.1913 s: 23.8026, -2.8104, 135.624, -1.03574, 0, 0.610008, 0.465556, 
11.3201 s: 29.7556, 15.1967, 138.998, -1.95688, 0.113324, 1.03187, 0.59707, 

Optimale Steuerung: 
11.4394 s: -1.2
11.6494 s: -1.2
11.8594 s: 1.2
12.0694 s: -1.2

Angestrebte Zustände: 
11.4394 s: 29.7556, 15.1967, 138.998, -1.95688, 0.113324, 1.03187, 0.59707, 
11.6494 s: -25, 25, 139.245, 1.188, -0.38, -1.2, 0.5, 
11.8594 s: -25, 25, 130.556, 9.50962, -0.24214, 1.2, 0, 
12.0694 s: -25, 9.37783, 114.961, 14.9175, -0.38, -1.2, 0, 

Ausgeführte Steuersignale: 
11.1913 s: 0.925113
11.4013 s: 1.2

Echte Zustände: 
11.1913 s: 23.8026, -2.8104, 117.027, 135.624, -1.03574, 0, 0, 
11.4013 s: 12.2182, 14.0305, 118.571, 138.927, -0.857791, 1.14401, 0.238418, 
11.4253 s: 15.0923, 11.37, 118.899, 139.235, -0.830013, 1.16779, 0.272782, 

Unabänderliche Steuersignale: 
11.1913 s: 1.19318
11.2054 s: 1.18916

Erwartete Zustände: 
11.1913 s: 15.0923, 11.37, 139.235, -0.830013, 0, 0.610008, 0.465556, 
11.2054 s: 14.2344, 12.7146, 139.441, -0.660065, 0.00991436, 0.784553, 0.485578, 
11.1913 s: 3.95738e-270, 0, 0, 0, 0, 0, 0, 

Unabänderliche Steuersignale: 
11.4253 s: -1.2
11.6353 s: -1.2
11.6734 s: -0.764443

Erwartete Zustände: 
11.4253 s: 3.95738e-270, 0, 0, 0, 0, 0, 0, 
11.6353 s: -18.3744, -6.98082, -2.57174, -4.13175, -0.204833, -1.19411, 0.3024, 
11.6734 s: 0.176767, 0.181869, -2.92912, -4.20949, -0.24829, -1.04161, 0.339771, 

Optimale Steuerung: 
11.6663 s: -1.06944
11.8763 s: 1.2
12.0863 s: -1.14692
12.2963 s: -0.331912
12.5063 s: 0.922844

Angestrebte Zustände: 
11.6663 s: 0.176767, 0.181869, -2.92912, -4.20949, -0.24829, -1.04161, 0.339771, 
11.8763 s: 25, -25, 35.308, -33.6549, 0.291351, 1.2, 0.487324, 
12.0863 s: 25, -25, 70.1603, -49.5226, 0.38, 1.2, 0.478631, 
12.2963 s: -18.5082, 25, 73.9273, -51.4892, 0.30305, -1.2, 0.351238, 
12.5063 s: 24.2449, -1.57299, 70.8999, -35.8325, 0.210623, 1.2, 0.274523, 

Ausgeführte Steuersignale: 
11.4394 s: -1.2
11.6494 s: -1.2

Echte Zustände: 
11.4394 s: 15.0923, 11.37, 118.899, 139.235, -0.830013, 1.16779, 0, 
11.6494 s: -11.4406, 20.8201, 116.025, 140.202, -0.988944, -1.18837, 0.3024, 
11.7073 s: 24.0991, 8.06579, 116.263, 141.14, -1.05133, -0.882899, 0.348248, 

Unabänderliche Steuersignale: 
11.7073 s: -1.06944
11.9173 s: 1.2
11.9342 s: 1.01063

Erwartete Zustände: 
11.7073 s: 24.0991, 8.06579, 141.14, -1.05133, 0, -1.04161, 0.339771, 
11.9173 s: 17.6578, 0.497019, 146.834, -1.5597, -0.0580621, 0.775361, 0.430797, 
11.9342 s: 16.9418, -3.84771, 147.126, -1.58775, -0.0437865, 0.888102, 0.451549, 

Optimale Steuerung: 
11.9688 s: -0.980186
12.1788 s: 0.598023
12.3888 s: -1.2
12.5988 s: -1.2
12.8088 s: -0.800421

Angestrebte Zustände: 
11.9688 s: 16.9418, -3.84771, 147.126, -1.58775, -0.0437865, 0.888102, 0.451549, 
12.1788 s: -25, -23.7184, 108.925, -12.9096, 0.38, -1.2, 0.178566, 
12.3888 s: 10.3227, -21.2953, 87.6359, -27.6704, 0.367603, 0.74124, 0, 
12.5988 s: 24.9334, -10.5406, 96.4234, -42.3066, 0.0928746, -1.14805, 0.409643, 
12.8088 s: -22.7824, -25, 94.9367, -55.682, -0.38, -1.2, 0.487348, 

Ausgeführte Steuersignale: 
11.7073 s: -1.06944
11.9173 s: 1.2

Echte Zustände: 
11.7073 s: 24.0991, 8.06579, 116.263, 141.14, -1.05133, 0, 0, 
11.9173 s: 9.33176, 19.3181, 119.782, 145.55, -1.06845, 0.780476, 0.0910264, 
11.9723 s: 23.443, 5.22856, 120.673, 146.279, -1.02063, 0.812844, 0.136585, 

Unabänderliche Steuersignale: 
11.9723 s: -0.980186
12.1823 s: 0.598023
12.2338 s: 0.156841

Erwartete Zustände: 
11.9723 s: 23.443, 5.22856, 146.279, -1.02063, 0, 0.888102, 0.451549, 
12.1823 s: 10.8981, -12.0013, 151.837, -3.38066, -0.0173632, 0.311801, 0.502805, 
12.2338 s: 21.758, -19.405, 152.585, -4.09034, 0.00153881, 0.32563, 0.510981, 

Optimale Steuerung: 
12.2355 s: 0.824715
12.4455 s: -1.2
12.6555 s: 0.799629
12.8655 s: -0.851577

Angestrebte Zustände: 
12.2355 s: 21.758, -19.405, 152.585, -4.09034, 0.00153881, 0.32563, 0.510981, 
12.4455 s: -25, -20.6999, 126.236, -13.041, 0.0704637, 0.475809, 0.5, 
12.6555 s: -25, -21.4138, 117.068, -25.7337, 0.18737, 0.350913, 0.294784, 
12.8655 s: -23.8258, 20.0405, 110.227, -22.6729, -0.247305, -0.692572, 0, 

Ausgeführte Steuersignale: 
11.9723 s: -0.980186
12.1823 s: 0.598023

Echte Zustände: 
11.9723 s: 23.443, 5.22856, 120.673, 146.279, -1.02063, 0, 0, 
12.1823 s: 2.49591, 43.6025, 125.745, 151.305, -1.0729, 0.30744, 0.0512556, 
12.1913 s: 10.4795, 37.7477, 125.803, 151.67, -1.06988, 0.358499, 0.0540773, 

Unabänderliche Steuersignale: 
11.9723 s: 0.520965
12.0165 s: 0.141977

Erwartete Zustände: 
11.9723 s: 10.4795, 37.7477, 151.67, -1.06988, 0, 0.610008, 0.465556, 
12.0165 s: -29.3958, 48.631, 151.116, 0.738826, 0.0230098, 0.398931, 0.470949, 
11.9723 s: 3.95738e-270, 0, 0, 0, 0, 0, 0, 

Unabänderliche Steuersignale: 
12.1913 s: 0.824715
12.4013 s: -1.2
12.4545 s: -0.692819

Erwartete Zustände: 
12.1913 s: 3.95738e-270, 0, 0, 0, 0, 0, 0, 
12.4013 s: 8.56062, -32.1909, -1.52526, -2.58223, -0.00681427, -0.82508, 0.0791348, 
12.4545 s: -14.4586, -15.3738, -1.90516, -3.83869, -0.0552938, -0.873938, 0.127985, 

Optimale Steuerung: 
12.4324 s: -1.18062
12.6424 s: -1.2
12.8524 s: -0.815206
13.0624 s: -0.734245

Angestrebte Zustände: 
12.4324 s: -14.4586, -15.3738, -1.90516, -3.83869, -0.0552938, -0.873938, 0.127985, 
12.6424 s: 25, -25, 54.2049, -59.0756, -0.210269, -1.18472, 0.496439, 
12.8524 s: 25, 13.6492, 82.0603, -79.8589, -0.360073, -0.93742, 0.441238, 
13.0624 s: 20.9915, -25, 88.2841, -78.7738, -0.190718, -0.289974, 0.254844, 

Ausgeführte Steuersignale: 
12.2355 s: 0.824715

Echte Zustände: 
12.2355 s: 10.4795, 37.7477, 125.803, 151.67, -1.06988, 0.358499, 0, 
12.4103 s: 51.9836, 1.59413, 130.926, 155.759, -1.03948, -0.48932, 0.0413835, 

Unabänderliche Steuersignale: 
12.2355 s: -0.860003

Erwartete Zustände: 
12.1913 s: 51.9836, 1.59413, 155.759, -1.03948, 0, 0.610008, 0.465556, 
12.2134 s: 35.6932, 19.357, 156.813, -0.918291, 0.00548886, -0.0705923, 0.486323, 

Unabänderliche Steuersignale: 
12.4103 s: -1.18062
12.6071 s: -1.19879

Erwartete Zustände: 
12.4103 s: 35.6932, 19.357, 156.813, -0.918291, 0.00548886, -0.0705923, 0.486323, 
12.6071 s: 32.6218, 53.8032, 162.8, 3.99314, -0.184605, -1.18757, 0.764974, 

Optimale Steuerung: 
12.6403 s: 1.11203
12.8503 s: -1.2
13.0603 s: -1.2
13.2703 s: 0.827221

Angestrebte Zustände: 
12.6403 s: 32.6218, 53.8032, 162.8, 3.99314, -0.184605, -1.18757, 0.764974, 
12.8503 s: 25, 25, 197.73, 40.5651, 0.358095, -1.2, 0.25784, 
13.0603 s: 25, 25, 230.866, 64.4785, 0.189713, -1.13016, 0.5, 
13.2703 s: 25, -24.9604, 268.207, 38.3542, -0.38, -1.2, 0.495597, 

Ausgeführte Steuersignale: 
12.4324 s: -1.18062

Echte Zustände: 
12.4324 s: 51.9836, 1.59413, 130.926, 155.759, -1.03948, -0.48932, 0, 
12.5323 s: 19.6507, 37.7043, 132.142, 159.37, -1.13256, -1.13142, 0.140385, 

Unabänderliche Steuersignale: 
12.4324 s: -1.18984

Erwartete Zustände: 
12.4103 s: 19.6507, 37.7043, 159.37, -1.13256, 0, -0.0705923, 0.486323, 
12.5183 s: -56.2755, 76.9437, 161.587, 4.28263, -0.0874431, -1.12371, 0.640505, 

Unabänderliche Steuersignale: 
12.5193 s: 1.11203
12.7272 s: -1.17725

Erwartete Zustände: 
12.5193 s: -56.2755, 76.9437, 161.587, 4.28263, -0.0874431, -1.12371, 0.640505, 
12.7272 s: 29.3308, 55.7451, 168.546, 9.41553, -0.108741, -0.756189, 0.731539, 

Optimale Steuerung: 
12.6888 s: -1.2
12.8988 s: 1.2
13.1088 s: -1.2
13.3188 s: -1.2

Angestrebte Zustände: 
12.6888 s: 29.3308, 55.7451, 168.546, 9.41553, -0.108741, -0.756189, 0.731539, 
12.8988 s: -24.9994, -25, 172.487, 9.27166, -0.141416, -0.218895, 0.147691, 
13.1088 s: -25, 25, 128.208, 19.7771, 0.133548, 1.2, 0, 
13.3188 s: 14.1459, 25, 88.8568, 45.9061, 0.38, -1.2, 0, 

Ausgeführte Steuersignale: 
12.6403 s: 1.11203

Echte Zustände: 
12.6403 s: 19.6507, 37.7043, 132.142, 159.37, -1.13256, -1.13142, 0, 
12.7853 s: 41.1658, 26.8075, 137.89, 160.794, -1.12709, -0.117049, 0.0450602, 

Unabänderliche Steuersignale: 
12.7853 s: -1.2
12.8337 s: -0.646091

Erwartete Zustände: 
12.7853 s: 41.1658, 26.8075, 160.794, -1.12709, 0, -0.756189, 0.731539, 
12.8337 s: 37.7555, 14.4977, 163.393, -1.33263, -0.0416216, -0.835065, 0.774072, 

Optimale Steuerung: 
13.003 s: 1.15408
13.213 s: -0.468202
13.423 s: -0.870916
13.633 s: -1.2

Angestrebte Zustände: 
13.003 s: 37.7555, 14.4977, 163.393, -1.33263, -0.0416216, -0.835065, 0.774072, 
13.213 s: -25, -1.53395, 162.503, 11.9487, -0.0142674, 0.690286, 0.19602, 
13.423 s: -25, 25, 120.764, 26.6205, 0.207829, -0.259774, 0, 
13.633 s: -14.01, 22.9075, 119.801, 26.7435, 0.13838, 0.806768, 1.52266e-007, 

Ausgeführte Steuersignale: 
12.7853 s: -1.2
12.9953 s: 1.2

Echte Zustände: 
12.7853 s: 41.1658, 26.8075, 137.89, 160.794, -1.12709, 0, 0, 
12.9953 s: -40.0152, 38.5794, 133.956, 164.958, -1.15698, 0.75668, 0.1008, 
13.0353 s: -19.1411, 17.9874, 132.763, 166.109, -1.12257, 0.869266, 0.139244, 

Unabänderliche Steuersignale: 
13.0353 s: 1.15408
13.2453 s: -0.468202
13.253 s: -0.483096

Erwartete Zustände: 
13.0353 s: -19.1411, 17.9874, 166.109, -1.12257, 0, -0.835065, 0.774072, 
13.2453 s: 23.0286, 40.5143, 164.709, 4.11248, 0.0459182, -0.174323, 0.844827, 
13.253 s: 28.3098, 43.479, 164.909, 4.43917, 0.0443504, -0.228153, 0.846584, 

Optimale Steuerung: 
13.2692 s: 1.19998
13.4792 s: -1.1884
13.6892 s: 1.14897
13.8992 s: 1.2

Angestrebte Zustände: 
13.2692 s: 28.3098, 43.479, 164.909, 4.43917, 0.0443504, -0.228153, 0.846584, 
13.4792 s: 24.1496, 25, 188.396, 81.6726, 0.167313, 0.626878, 0.166408, 
13.6892 s: -15.9719, 24.7488, 229.809, 116.745, 0.378961, 1.16235, 3.21252e-006, 
13.8992 s: 23.9743, -23.5217, 179.567, 161.274, 0.377521, 1.19995, 3.95393e-005, 

Ausgeführte Steuersignale: 
13.0353 s: 1.15408
13.2453 s: -0.468202

Echte Zustände: 
13.0353 s: -19.1411, 17.9874, 132.763, 166.109, -1.12257, 0, 0, 
13.2453 s: -17.3859, 12.8831, 127.148, 169.57, -1.04383, -0.170223, 0.0707545, 
13.2693 s: -23.8577, 18.6344, 126.676, 169.93, -1.0498, -0.317438, 0.0765497, 

Unabänderliche Steuersignale: 
13.2693 s: 1.19998
13.4793 s: -1.1884
13.5032 s: -0.922568

Erwartete Zustände: 
13.2693 s: -23.8577, 18.6344, 169.93, -1.0498, 0, -0.228153, 0.846584, 
13.4793 s: -40.3914, 27.3469, 161.038, -3.47928, 0.0217654, -0.748371, 0.946417, 
13.5032 s: -32.194, 30.8358, 159.919, -2.49238, 0.00182259, -0.881675, 0.973165, 

Optimale Steuerung: 
13.5032 s: 1.06711
13.7132 s: -1.19999
13.9232 s: -1.17631
14.1332 s: -0.429127
14.3432 s: -1.2

Angestrebte Zustände: 
13.5032 s: -32.194, 30.8358, 159.919, -2.49238, 0.00182259, -0.881675, 0.973165, 
13.7132 s: -25, 25, 137.134, 5.0582, -0.245133, -1.2, 0.478429, 
13.9232 s: -25, -25, 104.667, 0.210476, -0.301614, -1.2, 0.5, 
14.1332 s: 18.8463, -25, 93.1699, -30.489, -0.379235, -0.246377, 0.499011, 
14.3432 s: 24.1779, 15.1809, 100.765, -43.5176, 0.0172738, -0.406106, 0.375315, 

Ausgeführte Steuersignale: 
13.2693 s: 1.19998
13.4793 s: -1.1884

Echte Zustände: 
13.2693 s: -23.8577, 18.6344, 126.676, 169.93, -1.0498, 0, 0, 
13.4793 s: -28.553, -34.0605, 119.924, 166.737, -1.01907, -0.747251, 0.0998334, 
13.5353 s: -23.3162, -46.9706, 118.094, 164.373, -1.06642, -0.79136, 0.144693, 

Unabänderliche Steuersignale: 
13.5353 s: 1.06711
13.7453 s: -1.19999
13.7692 s: -1.19729

Erwartete Zustände: 
13.5353 s: -23.3162, -46.9706, 164.373, -1.06642, 0, -0.881675, 0.973165, 
13.7453 s: -58.8215, -52.2042, 157.891, -7.87633, -0.0177627, -0.785225, 1.06404, 
13.7692 s: -62.0078, 9.20274, 156.418, -8.47549, -0.0390401, -0.973077, 1.09844, 

Optimale Steuerung: 
13.7852 s: -0.559103
13.9952 s: -0.879976
14.2052 s: 1.2
14.4152 s: 1.2

Angestrebte Zustände: 
13.7852 s: -62.0078, 9.20274, 156.418, -8.47549, -0.0390401, -0.973077, 1.09844, 
13.9952 s: -25, 25, 141.994, 10.649, 0.0185265, -0.756113, 0, 
14.2052 s: -25, 25, 126.476, 23.003, -0.0742906, 1.2, 0.230909, 
14.4152 s: -3.95856, -25, 121.68, 21.5178, 0.38, 0.793096, 0.496868, 

Ausgeführte Steuersignale: 
13.5353 s: 1.06711
13.7453 s: -1.19999

Echte Zustände: 
13.5353 s: -23.3162, -46.9706, 118.094, 164.373, -1.06642, 0, 0, 
13.7453 s: -38.6203, -15.2935, 113.758, 160.263, -1.04953, -0.780896, 0.0908728, 
13.7543 s: -47.9579, -26.5077, 113.37, 160.078, -1.05696, -0.866182, 0.103822, 

Unabänderliche Steuersignale: 
13.5353 s: -1.19898
13.5662 s: -1.19549

Erwartete Zustände: 
13.5353 s: -47.9579, -26.5077, 160.078, -1.05696, 0, -0.756189, 0.731539, 
13.5662 s: -18.5211, -36.7592, 158.96, -2.20671, -0.0276164, -0.995754, 0.775931, 
13.5353 s: 3.95738e-270, 0, 0, 0, 0, 0, 0, 

Unabänderliche Steuersignale: 
13.7543 s: -0.559103
13.9643 s: -0.879976
14.0042 s: -0.484079

Erwartete Zustände: 
13.7543 s: 3.95738e-270, 0, 0, 0, 0, 0, 0, 
13.9643 s: -21.8043, -18.0762, -2.15187, -3.93443, -0.118825, -0.817173, 0.110527, 
14.0042 s: -9.82127, -2.15551, -2.82303, -4.27903, -0.150309, -0.710261, 0.129642, 

Optimale Steuerung: 
13.9888 s: 1.2
14.1988 s: 1.19982
14.4088 s: 1.19141
14.6188 s: 1.2
14.8288 s: -1.13583

Angestrebte Zustände: 
13.9888 s: -9.82127, -2.15551, -2.82303, -4.27903, -0.150309, -0.710261, 0.129642, 
14.1988 s: 25, -25, 31.8033, -35.1369, 0.0599927, 1.2, 0.0019237, 
14.4088 s: 25, -25, 54.7467, -53.2307, 0.375903, 1.19614, 2.203e-019, 
14.6188 s: -22.8663, 17.8562, 38.4484, -48.8207, 0.378923, 1.19803, 0.0200268, 
14.8288 s: -24.6613, 19.4098, 13.2768, -26.5024, 0.38, -0.326223, 0.0543572, 

Ausgeführte Steuersignale: 
13.7852 s: -0.559103
13.9952 s: -0.879976
14.2052 s: 1.2

Echte Zustände: 
13.7852 s: -47.9579, -26.5077, 113.37, 160.078, -1.05696, -0.866182, 0, 
13.9952 s: -55.0258, 47.3284, 106.17, 161.874, -1.20983, -0.821426, 0.110527, 
14.2052 s: -15.0116, -48.7686, 96.9196, 161.856, -1.24071, 0.810975, 0.191614, 
14.2383 s: 47.4112, -71.7162, 97.3753, 160.159, -1.20978, 1.03141, 0.239176, 

Unabänderliche Steuersignale: 
14.2383 s: 1.2
14.4418 s: 1.19982

Erwartete Zustände: 
14.2383 s: 47.4112, -71.7162, 160.159, -1.20978, 0, -0.710261, 0.129642, 
14.4418 s: 33.6539, -72.2058, 172.482, -18.6884, 0.169186, 1.1888, 0.422659, 

Optimale Steuerung: 
14.59 s: -0.0450658
14.8 s: 0.61873
15.01 s: 0.418227
15.22 s: 0.231384
15.43 s: 0.139993

Angestrebte Zustände: 
14.59 s: 33.6539, -72.2058, 172.482, -18.6884, 0.169186, 1.1888, 0.422659, 
14.8 s: -24.8717, 9.73822, 48.0482, -23.5196, -0.127681, 0.583979, 0.285353, 
15.01 s: 24.0986, 22.0509, 34.1204, 29.0229, 0.367362, -0.907138, 0.0661815, 
15.22 s: 16.0661, -19.4425, 168.013, 63.2815, 0.0208606, -0.332475, 0.239933, 
15.43 s: 22.439, -9.70367, 255.385, 3.49713, 0.170462, -0.285085, 0.191137, 

Ausgeführte Steuersignale: 
14.2383 s: 1.2
14.4483 s: 1.19982

Echte Zustände: 
14.2383 s: 47.4112, -71.7162, 97.3753, 160.159, -1.20978, 0, 0, 
14.4483 s: -25.1525, -60.2773, 95.4849, 148.719, -1.00496, 1.19396, 0.302354, 
14.5193 s: 17.1588, -37.8542, 96.8117, 145.284, -0.920005, 1.19732, 0.404321, 

Unabänderliche Steuersignale: 
14.2383 s: 1.19697
14.309 s: 1.19414

Erwartete Zustände: 
14.2383 s: 17.1588, -37.8542, 145.284, -0.920005, 0, -0.710261, 0.129642, 
14.309 s: 9.20624, -42.0747, 144.271, -4.72736, 0.0218543, 0.877213, 0.230737, 
14.2383 s: 3.95738e-270, 0, 0, 0, 0, 0, 0, 

Unabänderliche Steuersignale: 
14.5193 s: -0.0450658
14.7293 s: 0.61873
14.871 s: 0.483411

Erwartete Zustände: 
14.5193 s: 3.95738e-270, 0, 0, 0, 0, 0, 0, 
14.7293 s: -5.24401, -29.1935, -1.73002, -3.12813, 0.0406938, 0.494707, 0.0249882, 
14.871 s: -17.9548, 6.70197, -4.73754, -3.86927, 0.117929, 0.516653, 0.0682443, 

Optimale Steuerung: 
14.8356 s: 0.0644568
15.0456 s: -0.249634
15.2556 s: 0.331694
15.4656 s: 0.443872

Angestrebte Zustände: 
14.8356 s: -17.9548, 6.70197, -4.73754, -3.86927, 0.117929, 0.516653, 0.0682443, 
15.0456 s: 25, -4.89533, 124.123, 51.8052, 0.0596751, -1.2, 0.0352322, 
15.2556 s: 23.1501, -16.1876, 226.729, 22.5916, -0.0199646, -0.259992, 0.0225333, 
15.4656 s: 13.3297, -5.06965, 226.319, 23.039, 0.0157124, 0.00395931, 0.0326225, 

Ausgeführte Steuersignale: 
14.59 s: -0.0450658
14.6913 s: 0.275048

Echte Zustände: 
14.59 s: 17.1588, -37.8542, 96.8117, 145.284, -0.920005, 1.19732, 0, 
14.6913 s: 24.8741, -33.0687, 98.7706, 140.641, -0.871157, 0.25548, 0.00220391, 
14.8 s: -8.81575, -49.7182, 101.293, 136.318, -0.832249, 0.500586, 0.0249882, 

Unabänderliche Steuersignale: 
14.59 s: 0.275048

Erwartete Zustände: 
14.5193 s: 24.8741, -33.0687, 140.641, -0.871157, 0, 0, 0, 
14.628 s: 74.2434, -76.3742, 145.434, -5.22054, 0.0294596, 0.484297, 0.0227843, 

Unabänderliche Steuersignale: 
14.6913 s: 0.0644568
14.9013 s: -0.249634
14.9369 s: -0.150986

Erwartete Zustände: 
14.6913 s: 74.2434, -76.3742, 145.434, -5.22054, 0.0294596, 0.484297, 0.0227843, 
14.9013 s: 43.7499, -32.5114, 154.691, -12.9832, 0.0366027, -0.188784, 0.026311, 
14.9369 s: 37.7575, -34.6359, 156.78, -14.9408, 0.0295632, -0.191285, 0.0277697, 

Optimale Steuerung: 
14.9355 s: -0.482621
15.1455 s: -0.497271
15.3555 s: 1.2
15.5655 s: -0.180394

Angestrebte Zustände: 
14.9355 s: 37.7575, -34.6359, 156.78, -14.9408, 0.0295632, -0.191285, 0.0277697, 
15.1455 s: 25, 25, 196.106, -8.74499, -0.172652, -1.2, 0.0330646, 
15.3555 s: 24.615, 25, 204.164, 3.11294, -0.084285, 1.2, 0.471843, 
15.5655 s: 25, -25, 212.537, 5.43893, 0.374232, 0.0540808, 0.336911, 

Ausgeführte Steuersignale: 
14.8356 s: 0.0644568

Echte Zustände: 
14.8356 s: -8.81575, -49.7182, 101.293, 136.318, -0.832249, 0.500586, 0, 
14.9253 s: 13.6637, -38.2836, 102.033, 132.022, -0.813831, 0.0284524, 0.000134852, 

Unabänderliche Steuersignale: 
14.8356 s: -0.0696092

Erwartete Zustände: 
14.6913 s: 13.6637, -38.2836, 132.022, -0.813831, 0, -0.710261, 0.129642, 
14.7015 s: -0.48837, -34.3027, 132.086, -1.17799, -0.00646522, -0.566491, 0.129703, 

Unabänderliche Steuersignale: 
14.9253 s: -0.482621
15.0251 s: -0.489585

Erwartete Zustände: 
14.9253 s: -0.48837, -34.3027, 132.086, -1.17799, -0.00646522, -0.566491, 0.129703, 
15.0251 s: -31.1038, -17.1861, 128.356, -1.91725, -0.0578603, -0.49375, 0.153289, 

Optimale Steuerung: 
15.1644 s: 1.2
15.3744 s: 1.12024
15.5844 s: 1.2
15.7944 s: 0.94152
16.0044 s: -1.2

Angestrebte Zustände: 
15.1644 s: -31.1038, -17.1861, 128.356, -1.91725, -0.0578603, -0.49375, 0.153289, 
15.3744 s: 25, -25, 162.749, -27.2812, -0.357592, 1.2, 0.499787, 
15.5844 s: 25, -24.3724, 170.311, -40.644, 0.38, 1.15876, 0.5, 
15.7944 s: -25, 25, 170.1, -30.8753, 0.38, -1.17329, 0.5, 
16.0044 s: -25, 25, 159.067, -14.9191, 0.372711, 0.920486, 0, 

Ausgeführte Steuersignale: 
14.9355 s: -0.482621
15.1455 s: -0.497271

Echte Zustände: 
14.9355 s: 13.6637, -38.2836, 102.033, 132.022, -0.813831, 0.0284524, 0, 
15.1455 s: -50.0947, 32.9797, 96.682, 121.271, -0.896161, -0.49202, 0.0504137, 
15.1753 s: -34.1206, 11.6741, 95.3792, 122.083, -0.910122, -0.422988, 0.0547909, 

Unabänderliche Steuersignale: 
15.1753 s: 1.2
15.3853 s: 1.12024
15.4042 s: 1.12742

Erwartete Zustände: 
15.1753 s: -34.1206, 11.6741, 122.083, -0.910122, 0, -0.49375, 0.153289, 
15.3853 s: -28.9959, 19.9949, 115.518, 4.37544, 0.179612, 1.12685, 0.436036, 
15.4042 s: -32.6855, 7.49621, 114.95, 4.63686, 0.200903, 1.12581, 0.459918, 

Optimale Steuerung: 
15.4198 s: -1.2
15.6298 s: -1.2
15.8398 s: 0.757281
16.0498 s: -0.859765

Angestrebte Zustände: 
15.4198 s: -32.6855, 7.49621, 114.95, 4.63686, 0.200903, 1.12581, 0.459918, 
15.6298 s: 25, -25, 190.658, -26.4795, -0.319018, -1.2, 0.17817, 
15.8398 s: 25, 24.9401, 207.936, -24.3945, -0.38, -0.498384, 0.0531217, 
16.0498 s: -25, 23.2884, 229.459, -16.3563, -0.38, -1.07292, 0, 

Ausgeführte Steuersignale: 
15.1753 s: 1.2
15.3853 s: 1.12024

Echte Zustände: 
15.1753 s: -34.1206, 11.6741, 95.3792, 122.083, -0.910122, 0, 0, 
15.3853 s: -38.1913, 6.36248, 85.4213, 120.947, -0.711103, 1.12928, 0.282746, 
15.3943 s: -36.7507, 16.5572, 85.0876, 121.051, -0.700947, 1.1278, 0.294075, 

Unabänderliche Steuersignale: 
15.1753 s: 1.12366
15.2008 s: 1.13336

Erwartete Zustände: 
15.1753 s: -36.7507, 16.5572, 121.051, -0.700947, 0, -0.566491, 0.129703, 
15.2008 s: -57.7107, 51.4321, 120.021, 0.0367444, -0.00306687, 0.240985, 0.162236, 
15.1753 s: 3.95738e-270, 0, 0, 0, 0, 0, 0, 

Unabänderliche Steuersignale: 
15.3943 s: -1.2
15.6043 s: -1.2
15.6388 s: -0.878022

Erwartete Zustände: 
15.3943 s: 3.95738e-270, 0, 0, 0, 0, 0, 0, 
15.6043 s: -18.3744, -6.98082, -2.57174, -4.13175, -0.204833, -1.19411, 0.3024, 
15.6388 s: -1.55809, 0.025178, -2.92586, -4.20987, -0.244831, -1.09018, 0.339992, 

Optimale Steuerung: 
15.6261 s: -1.19999
15.8361 s: -0.803068
16.0461 s: -0.903582
16.2561 s: 1.2
16.4661 s: 1.2

Angestrebte Zustände: 
15.6261 s: -1.55809, 0.025178, -2.92586, -4.20987, -0.244831, -1.09018, 0.339992, 
15.8361 s: 25, -25, 48.3126, -62.7172, -0.364099, -1.2, 0.5, 
16.0461 s: -24.3828, -25, 65.0869, -105.025, -0.378424, 0.149167, 0.39252, 
16.2561 s: 25, 24.531, 69.2418, -111.912, -0.350602, 0.795764, 0.36864, 
16.4661 s: -14.0034, 24.9759, 78.3232, -98.1286, -0.240424, 1.2, 0.5, 

Ausgeführte Steuersignale: 
15.4198 s: -1.2
15.6298 s: -1.2

Echte Zustände: 
15.4198 s: -36.7507, 16.5572, 85.0876, 121.051, -0.700947, 1.1278, 0, 
15.6298 s: -49.3193, 37.558, 76.0276, 125.784, -0.861451, -1.18857, 0.3024, 
15.6443 s: -50.2895, 29.1854, 75.2145, 126.385, -0.878549, -1.17017, 0.320965, 

Unabänderliche Steuersignale: 
15.6443 s: -1.19999
15.8505 s: -0.810199

Erwartete Zustände: 
15.6443 s: -50.2895, 29.1854, 126.385, -0.878549, 0, -1.09018, 0.339992, 
15.8505 s: -58.0517, 21.5706, 115.047, -9.4095, -0.215428, -0.883863, 0.550938, 

Optimale Steuerung: 
15.8852 s: -1.2
16.0952 s: -1.2
16.3052 s: -1.2
16.5152 s: -0.55701

Angestrebte Zustände: 
15.8852 s: -58.0517, 21.5706, 115.047, -9.4095, -0.215428, -0.883863, 0.550938, 
16.0952 s: -25, -25, 94.4124, -88.2104, -0.150578, -0.141798, 0.180283, 
16.3052 s: -25, 25, 56.8121, -112.04, -0.38, -1.2, 0.5, 
16.5152 s: 17.3547, 25, 21.7166, -87.0307, -0.353414, -0.726145, 0.419943, 

Ausgeführte Steuersignale: 
15.6443 s: -1.19999
15.8543 s: -0.803068

Echte Zustände: 
15.6443 s: -50.2895, 29.1854, 75.2145, 126.385, -0.878549, 0, 0, 
15.8543 s: -56.8469, -70.8279, 74.6847, 116.027, -1.05445, -0.871469, 0.213401, 
15.8852 s: -49.6916, -8.91191, 72.7272, 114.578, -1.08077, -0.83889, 0.233689, 

Unabänderliche Steuersignale: 
15.8852 s: -1.2
16.0952 s: -1.2
16.1261 s: -1.2

Erwartete Zustände: 
15.8852 s: -49.6916, -8.91191, 114.578, -1.08077, 0, -0.883863, 0.550938, 
16.0952 s: 10.1728, -53.8327, 113.056, -8.34934, -0.239574, -1.19845, 0.853338, 
16.1261 s: -66.4821, -93.4912, 111.881, -10.7667, -0.276604, -1.19929, 0.897814, 

Optimale Steuerung: 
16.1231 s: -0.792216
16.3331 s: -0.891249
16.5431 s: 1.2
16.7531 s: 1.2

Angestrebte Zustände: 
16.1231 s: -66.4821, -93.4912, 111.881, -10.7667, -0.276604, -1.19929, 0.897814, 
16.3331 s: -2.01084, -25, 98.802, -27.1188, -0.292435, -1.2, 0.266291, 
16.5431 s: -24.5993, -22.503, 101.037, -30.8243, -0.18024, 0.900869, 0.225949, 
16.7531 s: -25, 25, 100.273, -8.33078, 0.0428408, 1.2, 0.29372, 

Ausgeführte Steuersignale: 
15.8852 s: -1.2
16.0952 s: -1.2

Echte Zustände: 
15.8852 s: -49.6916, -8.91191, 72.7272, 114.578, -1.08077, 0, 0, 
16.0952 s: -19.8454, 30.1161, 64.5294, 119.596, -1.2856, -1.19411, 0.3024, 
16.2602 s: 24.4787, 63.1924, 59.2787, 125.588, -1.48337, -1.19991, 0.54, 

Unabänderliche Steuersignale: 
16.2602 s: -0.792216
16.4702 s: -0.891249
16.4981 s: -0.612981

Erwartete Zustände: 
16.2602 s: 24.4787, 63.1924, 125.588, -1.48337, 0, -1.19929, 0.897814, 
16.4702 s: 57.2774, 8.51064, 132.863, 9.00287, -0.189585, -0.874711, 1.04677, 
16.4981 s: 70.4985, -31.3513, 134.73, 8.28651, -0.213383, -0.804294, 1.06276, 

Optimale Steuerung: 
16.5666 s: -1.06216
16.7766 s: -1.2
16.9866 s: 1.2
17.1966 s: -1.19515
17.4066 s: -1.2

Angestrebte Zustände: 
16.5666 s: 70.4985, -31.3513, 134.73, 8.28651, -0.213383, -0.804294, 1.06276, 
16.7766 s: -24.9961, -24.9985, 111.426, -32.3799, -0.38, -1.16181, 0, 
16.9866 s: -25, -25, 95.6867, -33.3247, -0.379638, 0.510719, 0.000732239, 
17.1966 s: 23.2595, 24.9907, 76.7545, -21.1198, -0.379905, -1.18052, 0.000569155, 
17.4066 s: 25, -25, 76.5052, -31.261, -0.38, -1.2, 0.000771478, 

Ausgeführte Steuersignale: 
16.2602 s: -0.792216
16.4702 s: -0.891249

Echte Zustände: 
16.2602 s: 24.4787, 63.1924, 59.2787, 125.588, -1.48337, 0, 0, 
16.4702 s: -18.1735, 44.4917, 64.0014, 132.368, -1.62582, -0.868823, 0.148959, 
16.5252 s: 12.9642, 54.3877, 63.2165, 134.933, -1.66906, -0.633583, 0.171299, 

Unabänderliche Steuersignale: 
16.2602 s: -0.343541
16.3016 s: 0.069447

Erwartete Zustände: 
16.2602 s: 12.9642, 54.3877, 134.933, -1.66906, 0, -1.09018, 0.339992, 
16.3016 s: 67.1673, -25.6922, 136.921, -0.489781, -0.0310677, -0.447547, 0.34136, 
16.2602 s: 3.95738e-270, 0, 0, 0, 0, 0, 0, 

Unabänderliche Steuersignale: 
16.5252 s: -1.06216
16.7352 s: -1.2
16.8316 s: -0.0974675

Erwartete Zustände: 
16.5252 s: 3.95738e-270, 0, 0, 0, 0, 0, 0, 
16.7352 s: -19.2324, -8.64276, -2.49883, -4.10903, -0.191352, -1.16899, 0.268995, 
16.8316 s: 19.6537, 13.9467, -2.26719, -3.95328, -0.280087, -0.506943, 0.319368, 

Optimale Steuerung: 
16.8109 s: 0.405352
17.0209 s: 0.9574
17.2309 s: 0.724924
17.4409 s: 1.15256
17.6509 s: 1.17928

Angestrebte Zustände: 
16.8109 s: 19.6537, 13.9467, -2.26719, -3.95328, -0.280087, -0.506943, 0.319368, 
17.0209 s: 25, -25, 42.573, -30.4974, 0.0387435, -0.191649, 0.109051, 
17.2309 s: 25, -10.3515, 47.8994, -35.6232, 0.215563, 1.04689, 0.381043, 
17.4409 s: 24.5371, 9.63652, 56.5626, -36.4658, 0.289951, 0.83039, 0.350654, 
17.6509 s: 25, -3.48524, 80.7486, -38.5554, 0.343787, 1.2, 0.425327, 

Ausgeführte Steuersignale: 
16.5666 s: -1.06216
16.7766 s: -1.2

Echte Zustände: 
16.5666 s: 12.9642, 54.3877, 63.2165, 134.933, -1.66906, -0.633583, 0, 
16.7766 s: 5.96786, 49.4792, 57.6528, 142.479, -1.88532, -1.1721, 0.268995, 
16.8222 s: -63.8385, 62.105, 56.6784, 144.27, -1.93571, -0.979727, 0.310237, 

Unabänderliche Steuersignale: 
16.8222 s: 0.405352
17.0322 s: 0.9574
17.0664 s: 0.919469

Erwartete Zustände: 
16.8222 s: -63.8385, 62.105, 144.27, -1.93571, 0, -0.506943, 0.319368, 
17.0322 s: -58.7474, 45.4704, 128.88, 11.8718, 0.0895058, 0.849593, 0.422199, 
17.0664 s: -97.0699, 97.5066, 126.361, 14.0118, 0.119687, 0.899548, 0.452378, 

Optimale Steuerung: 
17.1135 s: -0.93005
17.3235 s: 0.307679
17.5335 s: -1.03343
17.7435 s: 1.2

Angestrebte Zustände: 
17.1135 s: -97.0699, 97.5066, 126.361, 14.0118, 0.119687, 0.899548, 0.452378, 
17.3235 s: -25, -24.998, -32.4791, -89.397, -0.0789574, -1.18633, 0.0161486, 
17.5335 s: -25, -22.379, -274.481, -230.711, -0.27425, 0.084691, 0, 
17.7435 s: -25, 25, -602.222, -427.265, -0.184685, -1.2, 0.000747703, 

Ausgeführte Steuersignale: 
16.8222 s: 0.405352
17.0252 s: 0.938998

Echte Zustände: 
16.8222 s: -63.8385, 62.105, 56.6784, 144.27, -1.93571, 0, 0, 
17.0252 s: -39.6507, 19.2107, 47.229, 149.942, -1.83218, 0.833393, 0.0965369, 
17.0322 s: -43.337, 10.0947, 46.9407, 150.046, -1.82628, 0.852082, 0.102831, 

Unabänderliche Steuersignale: 
16.8222 s: 0.938998

Erwartete Zustände: 
16.8222 s: -39.6507, 19.2107, 149.942, -1.83218, 0, -0.506943, 0.319368, 
16.8292 s: -51.6015, 33.9112, 149.628, -1.65058, -0.00269882, -0.270583, 0.325662, 

Unabänderliche Steuersignale: 
17.0252 s: -0.93005
17.2352 s: 0.307679
17.3165 s: -0.211957

Erwartete Zustände: 
17.0252 s: -51.6015, 33.9112, 149.628, -1.65058, -0.00269882, -0.270583, 0.325662, 
17.2352 s: 35.1599, 21.1383, 149.758, -3.47453, -0.0818662, 0.079249, 0.372807, 
17.3165 s: -9.30957, 18.7408, 151.019, -1.39052, -0.0740133, -0.020969, 0.374825, 

Optimale Steuerung: 
17.2723 s: -0.0142961
17.4823 s: -0.423717
17.6923 s: -0.521072
17.9023 s: -1.2

Angestrebte Zustände: 
17.2723 s: -9.30957, 18.7408, 151.019, -1.39052, -0.0740133, -0.020969, 0.374825, 
17.4823 s: -24.9762, 24.8819, 58.7814, 91.5589, -0.291818, 1.2, 0.391296, 
17.6923 s: 24.749, 25, 42.3653, 177.269, -0.38, -0.658781, 0.273658, 
17.9023 s: 22.3255, -24.9209, 121.139, 112.621, -0.38, -1.18188, 0.300846, 

Ausgeführte Steuersignale: 
17.1135 s: -0.93005

Echte Zustände: 
17.1135 s: -43.337, 10.0947, 46.9407, 150.046, -1.82628, 0.852082, 0, 
17.2442 s: -44.6859, 3.74969, 39.8466, 150.812, -1.85122, -0.319134, 0.0452658, 

Unabänderliche Steuersignale: 
17.1135 s: -0.160111

Erwartete Zustände: 
17.0252 s: -44.6859, 3.74969, 150.812, -1.85122, 0, -1.09018, 0.339992, 
17.0533 s: -64.6597, 37.7033, 149.069, -0.889883, -0.0227818, -0.568409, 0.340224, 

Unabänderliche Steuersignale: 
17.2442 s: -0.0142961
17.403 s: -0.323928

Erwartete Zustände: 
17.2442 s: -64.6597, 37.7033, 149.069, -0.889883, -0.0227818, -0.568409, 0.340224, 
17.403 s: -14.7152, -57.2396, 146.854, -7.25106, -0.0618912, -0.258241, 0.346035, 

Optimale Steuerung: 
17.4773 s: -1.2
17.6873 s: -0.986235
17.8973 s: 1.2
18.1073 s: -0.994563
18.3173 s: -0.248949

Angestrebte Zustände: 
17.4773 s: -14.7152, -57.2396, 146.854, -7.25106, -0.0618912, -0.258241, 0.346035, 
17.6873 s: -25, 25, 69.7472, 29.7585, -0.363026, -0.918844, 0.0260649, 
17.8973 s: 5.0047, 24.2932, 62.2673, 32.1558, 0.376297, 1.2, 0.485494, 
18.1073 s: 25, 25, 79.7892, 39.0034, 0.38, 0.96389, 0.494641, 
18.3173 s: -24.9988, 25, 74.6276, 72.302, 0.331862, -1.2, 0.415733, 

Ausgeführte Steuersignale: 
17.2723 s: -0.0142961
17.4823 s: -0.423717

Echte Zustände: 
17.2723 s: -44.6859, 3.74969, 39.8466, 150.812, -1.85122, -0.319134, 0, 
17.4823 s: 31.1152, -44.1567, 35.1408, 143.822, -1.89605, -0.348582, 0.0130059, 
17.4942 s: 63.353, -71.1324, 35.6552, 143.195, -1.90029, -0.368751, 0.0151548, 

Unabänderliche Steuersignale: 
17.4942 s: -1.2
17.6991 s: -0.991418

Erwartete Zustände: 
17.4942 s: 63.353, -71.1324, 143.195, -1.90029, 0, -0.258241, 0.346035, 
17.6991 s: -20.1003, -34.9844, 140.379, -8.74736, -0.194187, -1.02614, 0.592786, 

Optimale Steuerung: 
17.7357 s: -0.924723
17.9457 s: 1.2
18.1557 s: -0.974522
18.3657 s: -0.89024
18.5757 s: -0.727153

Angestrebte Zustände: 
17.7357 s: -20.1003, -34.9844, 140.379, -8.74736, -0.194187, -1.02614, 0.592786, 
17.9457 s: -25, 8.80859, 101.109, -24.7221, -0.38, -0.318807, 0.335862, 
18.1557 s: -25, 25, 75.2922, -10.7802, -0.199315, 0.762039, 0.211966, 
18.3657 s: -25, 25, 4.15892, 58.7475, -0.332854, -1.19021, 0.187407, 
18.5757 s: -25, 25, -14.6147, 93.8703, -0.369209, -0.63163, 0, 

Ausgeführte Steuersignale: 
17.4942 s: -1.2
17.7042 s: -0.986235

Echte Zustände: 
17.4942 s: 63.353, -71.1324, 35.6552, 143.195, -1.90029, 0, 0, 
17.7042 s: -36.8904, -44.0705, 32.8908, 135.616, -2.08954, -1.02035, 0.25173, 
17.8072 s: -21.657, -31.1706, 32.3926, 131.517, -2.16446, -0.297362, 0.282465, 

Unabänderliche Steuersignale: 
17.8072 s: -0.924723
18.0172 s: 1.2
18.0487 s: 0.873346

Erwartete Zustände: 
17.8072 s: -21.657, -31.1706, 131.517, -2.16446, 0, -1.02614, 0.592786, 
18.0172 s: 0.212178, -8.14872, 127.048, -3.44864, -0.0433001, 0.801814, 0.675767, 
18.0487 s: 3.41323, -7.92908, 127.104, -3.69911, -0.0152327, 0.919167, 0.70995, 

Optimale Steuerung: 
18.0844 s: -0.316218
18.2944 s: 0.165848
18.5044 s: 1.2
18.7144 s: 1.2

Angestrebte Zustände: 
18.0844 s: 3.41323, -7.92908, 127.104, -3.69911, -0.0152327, 0.919167, 0.70995, 
18.2944 s: -25, 25, 76.5292, 9.97675, 0.123638, -0.518195, 0.260988, 
18.5044 s: -24.9959, 25, 54.4135, 48.0681, 0.309019, 1.2, 0.36983, 
18.7144 s: -24.8592, -9.11093, 43.5251, 62.4428, 0.368722, 1.2, 0.485823, 

Ausgeführte Steuersignale: 
17.8072 s: -0.924723
18.0172 s: 1.2

Echte Zustände: 
17.8072 s: -21.657, -31.1706, 32.3926, 131.517, -2.16446, 0, 0, 
18.0172 s: -41.5853, 1.50872, 25.4693, 127.171, -2.16742, 0.806853, 0.0829811, 
18.0732 s: -8.92289, -42.9374, 23.6955, 125.645, -2.11756, 0.834808, 0.13093, 

Unabänderliche Steuersignale: 
17.8072 s: 0.620128
17.8184 s: 0.503397

Erwartete Zustände: 
17.8072 s: -8.92289, -42.9374, 125.645, -2.11756, 0, -0.258241, 0.346035, 
17.8184 s: -29.3198, -50.1208, 125.43, -2.64286, -0.00168191, -0.0553381, 0.349605, 
17.8072 s: 3.95738e-270, 0, 0, 0, 0, 0, 0, 

Unabänderliche Steuersignale: 
18.0732 s: -0.316218
18.2832 s: 0.165848
18.3504 s: 0.497136

Erwartete Zustände: 
18.0732 s: 3.95738e-270, 0, 0, 0, 0, 0, 0, 
18.2832 s: -17.4536, -27.0521, -1.85321, -3.59752, -0.0188372, 0.0771714, 0.00525387, 
18.3504 s: -18.4499, 1.59471, -3.27291, -4.42209, -0.00620319, 0.321892, 0.0132616, 

Optimale Steuerung: 
18.3448 s: -1.2
18.5548 s: -1.16476
18.7648 s: -0.806992
18.9748 s: -1.2
19.1848 s: 0.515375
19.3948 s: -0.140376

Angestrebte Zustände: 
18.3448 s: -18.4499, 1.59471, -3.27291, -4.42209, -0.00620319, 0.321892, 0.0132616, 
18.5548 s: 5.40574, 12.2538, -1.58758, -1.44222, -0.0306638, -1.2, 0.131492, 
18.7648 s: -1.20253, -15.2489, -1.72984, -3.96793, -0.2767, -0.846466, 0.184074, 
18.9748 s: -16.5046, -19.6937, -4.3019, -10.8875, -0.339798, -1.04304, 0.301445, 
19.1848 s: 25, -25, -3.15721, -15.888, -0.265911, -0.0106945, 0.227739, 
19.3948 s: 25, -25, 12.3783, -31.4627, -0.0579757, 0.279924, 0, 

Ausgeführte Steuersignale: 
18.0844 s: -0.316218
18.2944 s: 0.165848

Echte Zustände: 
18.0844 s: -8.92289, -42.9374, 23.6955, 125.645, -2.11756, 0.834808, 0, 
18.2944 s: -9.15064, -23.0855, 19.4303, 121.242, -2.10359, 0.0812704, 0.00525387, 
18.4012 s: -23.4123, -11.3347, 18.6592, 118.77, -2.07455, 0.504284, 0.0273197, 

Unabänderliche Steuersignale: 
18.4012 s: -1.2
18.6112 s: -1.16476
18.6615 s: -1.07896

Erwartete Zustände: 
18.4012 s: -23.4123, -11.3347, 118.77, -2.07455, 0, 0.321892, 0.0132616, 
18.6112 s: 16.4805, 21.5457, 118.795, -2.7913, -0.189612, -1.16388, 0.306868, 
18.6615 s: -28.6303, 29.9145, 118.558, -1.71394, -0.247561, -1.1272, 0.370285, 

Optimale Steuerung: 
18.701 s: -1.2
18.911 s: 0.595853
19.121 s: 1.01548
19.331 s: -1.2

Angestrebte Zustände: 
18.701 s: -28.6303, 29.9145, 118.558, -1.71394, -0.247561, -1.1272, 0.370285, 
18.911 s: -25, 25, 60.8201, 61.0787, 0.0191884, -1.2, 0.408974, 
19.121 s: 23.4312, 25, 52.1408, 93.9136, -0.0301172, 1.2, 0.00196507, 
19.331 s: 25, -24.2708, 81.0446, 87.6623, 0.38, -1.2, 0, 

Ausgeführte Steuersignale: 
18.4012 s: -1.2
18.5732 s: -1.17114

Echte Zustände: 
18.4012 s: -23.4123, -11.3347, 18.6592, 118.77, -2.07455, 0, 0, 
18.5732 s: 0.431652, -10.3672, 15.6082, 115.32, -2.23256, -1.16226, 0.241771, 
18.6112 s: 19.2037, -6.74039, 15.9935, 114.929, -2.27681, -1.16546, 0.293607, 

Unabänderliche Steuersignale: 
18.4012 s: -1.17114

Erwartete Zustände: 
18.4012 s: 0.431652, -10.3672, 115.32, -2.23256, 0, 0.321892, 0.0132616, 
18.4392 s: 13.0059, -9.14174, 115.553, -2.58422, -0.00803279, -0.598343, 0.0650978, 

Unabänderliche Steuersignale: 
18.5732 s: -1.2
18.7832 s: 0.595853
18.873 s: 0.775328

Erwartete Zustände: 
18.5732 s: 13.0059, -9.14174, 115.553, -2.58422, -0.00803279, -0.598343, 0.0650978, 
18.7832 s: 34.7567, 52.2872, 118.712, 2.4144, -0.105478, 0.262675, 0.140699, 
18.873 s: -35.2053, 41.5785, 118.437, 5.92029, -0.0599984, 0.670234, 0.183158, 

Optimale Steuerung: 
18.8091 s: -1.2
19.0191 s: -1.2
19.2291 s: -0.890879
19.4391 s: -0.886568

Angestrebte Zustände: 
18.8091 s: -35.2053, 41.5785, 118.437, 5.92029, -0.0599984, 0.670234, 0.183158, 
19.0191 s: -25, 25, 86.7168, 40.8729, -0.0872307, -1.2, 0.0948126, 
19.2291 s: -25, 25, 65.1074, 62.4854, -0.349219, -1.15848, 0.263425, 
19.4391 s: 25, -24.7228, 72.6525, 61.6259, -0.38, -0.734812, 0.5, 

Ausgeführte Steuersignale: 
18.701 s: -1.2

Echte Zustände: 
18.701 s: 19.2037, -6.74039, 15.9935, 114.929, -2.27681, -1.16546, 0, 
18.8232 s: -22.3941, 37.0453, 16.9906, 118.955, -2.38683, -0.476045, 0.0672096, 

Unabänderliche Steuersignale: 
18.8232 s: -1.2
18.9313 s: -1.2

Erwartete Zustände: 
18.8232 s: -22.3941, 37.0453, 118.955, -2.38683, 0, 0.670234, 0.183158, 
18.9313 s: -14.3693, 36.7876, 116.4, 1.96974, -0.0606217, -1.07881, 0.338809, 

Optimale Steuerung: 
19.0661 s: -1.07024
19.2761 s: -0.423034
19.4861 s: -1.16584
19.6961 s: -1.19912
19.9061 s: 0.151437

Angestrebte Zustände: 
19.0661 s: -14.3693, 36.7876, 116.4, 1.96974, -0.0606217, -1.07881, 0.338809, 
19.2761 s: -25, 25, 62.9559, 13.4236, 0.0399868, -1.2, 0, 
19.4861 s: -25, -25, 47.3, 0.949845, -0.108793, -0.0377071, 0, 
19.6961 s: -25, 25, 30.0691, -1.23155, -0.379708, -1.16558, 0.326627, 
19.9061 s: -25, 25, 9.4966, 19.6029, -0.362834, -0.142504, 0, 

Ausgeführte Steuersignale: 
18.8232 s: -1.2
19.0332 s: -1.2

Echte Zustände: 
18.8232 s: -22.3941, 37.0453, 16.9906, 118.955, -2.38683, 0, 0, 
19.0332 s: 24.2494, -11.4894, 19.0244, 124.683, -2.59167, -1.19411, 0.3024, 
19.1042 s: -22.3394, -21.8023, 19.2042, 123.752, -2.67517, -1.14302, 0.395994, 

Unabänderliche Steuersignale: 
19.1042 s: -1.07024
19.3142 s: -0.423034
19.3471 s: -0.539599

Erwartete Zustände: 
19.1042 s: -22.3394, -21.8023, 123.752, -2.67517, 0, -1.07881, 0.338809, 
19.3142 s: -1.0091, 24.5627, 125.395, -2.39123, -0.17791, -0.544215, 0.463207, 
19.3471 s: -32.0653, 34.5732, 124.904, -1.55802, -0.194999, -0.513159, 0.470879, 

Optimale Steuerung: 
19.3661 s: -1.1953
19.5761 s: 1.2
19.7861 s: -1.2
19.9961 s: -1.2

Angestrebte Zustände: 
19.3661 s: -32.0653, 34.5732, 124.904, -1.55802, -0.194999, -0.513159, 0.470879, 
19.5761 s: -25, 25, 98.2056, 22.9833, -0.379674, -0.703275, 0.497369, 
19.7861 s: -24.9951, 25, 70.3275, 42.185, -0.379583, -1.2, 1.83551e-005, 
19.9961 s: 25, -1.51003, 83.6991, 61.3716, -0.38, -1.2, 0.00122185, 

Ausgeführte Steuersignale: 
19.1042 s: -1.07024
19.3142 s: -0.423034

Echte Zustände: 
19.1042 s: -22.3394, -21.8023, 19.2042, 123.752, -2.67517, 0, 0, 
19.3142 s: 18.5081, 1.63817, 15.2006, 123.909, -2.81068, -0.538918, 0.124398, 
19.3232 s: 21.663, -0.739459, 15.3812, 123.914, -2.81543, -0.518672, 0.126133, 

Unabänderliche Steuersignale: 
19.1042 s: -0.454868
19.1471 s: -0.606886

Erwartete Zustände: 
19.1042 s: 21.663, -0.739459, 123.914, -2.81543, 0, 0.670234, 0.183158, 
19.1471 s: 11.8843, 13.9683, 124.665, -2.49837, 0.0089995, -0.135213, 0.195353, 
19.1042 s: 3.95738e-270, 0, 0, 0, 0, 0, 0, 

Unabänderliche Steuersignale: 
19.3232 s: -1.1953
19.5332 s: 1.2
19.5851 s: 0.605974

Erwartete Zustände: 
19.3232 s: 3.95738e-270, 0, 0, 0, 0, 0, 0, 
19.5332 s: -29.7184, -17.6603, -2.46985, -4.13661, -0.0294294, 0.757536, 0.100407, 
19.5851 s: -40.0124, 18.2662, -4.3349, -3.87648, 0.0151318, 0.817627, 0.144317, 

Optimale Steuerung: 
19.5637 s: 0.83887
19.7737 s: 1.2
19.9837 s: 1.2
20.1937 s: 1.18672

Angestrebte Zustände: 
19.5637 s: -40.0124, 18.2662, -4.3349, -3.87648, 0.0151318, 0.817627, 0.144317, 
19.7737 s: 25, 24.9942, 21.4986, 21.1623, -0.158427, 1.2, 0.00453501, 
19.9837 s: 25, 7.62451, 56.8858, 27.0909, 0.125516, 0.976576, 0.0166605, 
20.1937 s: 25, -0.974381, 71.8703, 26.4701, 0.38, 1.2, 0.138131, 

Ausgeführte Steuersignale: 
19.3661 s: -1.1953
19.5761 s: 1.2

Echte Zustände: 
19.3661 s: 21.663, -0.739459, 15.3812, 123.914, -2.81543, -0.518672, 0, 
19.5761 s: -17.7862, 14.628, 17.3026, 126.348, -2.86525, 0.75499, 0.100407, 
19.5892 s: -19.0451, 11.7806, 17.0643, 126.52, -2.85465, 0.857926, 0.11693, 

Unabänderliche Steuersignale: 
19.5892 s: 0.83887
19.7867 s: 1.17852

Erwartete Zustände: 
19.5892 s: -19.0451, 11.7806, 126.52, -2.85465, 0, 0.817627, 0.144317, 
19.7867 s: -27.9361, 2.84906, 120.922, -0.804822, 0.187644, 1.11091, 0.347177, 

Optimale Steuerung: 
19.8424 s: -1.2
20.0524 s: 1.00373
20.2624 s: 1.06735
20.4724 s: 1.01742

Angestrebte Zustände: 
19.8424 s: -27.9361, 2.84906, 120.922, -0.804822, 0.187644, 1.11091, 0.347177, 
20.0524 s: -25, 25, 94.0673, 31.5924, -0.228621, -0.663474, 0.192609, 
20.2624 s: 4.92478, -12.1941, 70.0854, 57.571, -0.183041, 1.15479, 0.231207, 
20.4724 s: 25, -25, 87.027, 39.5068, 0.121869, 0.96351, 0.400201, 

Ausgeführte Steuersignale: 
19.5892 s: 0.83887
19.7992 s: 1.2

Echte Zustände: 
19.5892 s: -19.0451, 11.7806, 17.0643, 126.52, -2.85465, 0, 0, 
19.7992 s: 2.41477, 24.7819, 14.4904, 131.31, -2.68514, 1.12829, 0.220524, 
19.8232 s: -4.91106, 20.9985, 14.4558, 131.85, -2.65763, 1.16094, 0.255084, 

Unabänderliche Steuersignale: 
19.5892 s: 1.2
19.6084 s: 1.2

Erwartete Zustände: 
19.5892 s: -4.91106, 20.9985, 131.85, -2.65763, 0, 0.817627, 0.144317, 
19.6084 s: -10.8656, 18.2031, 131.694, -2.28712, 0.0172684, 0.965091, 0.172029, 
19.5892 s: 3.95738e-270, 0, 0, 0, 0, 0, 0, 

Unabänderliche Steuersignale: 
19.8232 s: -1.2
20.0332 s: 1.00373
20.0764 s: 1.01683

Erwartete Zustände: 
19.8232 s: 3.95738e-270, 0, 0, 0, 0, 0, 0, 
20.0332 s: -29.1854, -16.6118, -2.48832, -4.15256, -0.0441957, 0.597146, 0.0870098, 
20.0764 s: -41.5799, 21.6729, -3.88948, -4.10586, -0.011396, 0.872821, 0.131148, 

Optimale Steuerung: 
20.0668 s: 1.01403
20.2768 s: -1.1748
20.4868 s: -1.10877
20.6968 s: 0.816334
20.9068 s: 1.2

Angestrebte Zustände: 
20.0668 s: -41.5799, 21.6729, -3.88948, -4.10586, -0.011396, 0.872821, 0.131148, 
20.2768 s: 18.1745, 24.8477, -6.05016, 1.40459, 0.129128, 1.10169, 0.470884, 
20.4868 s: 22.4938, 23.7777, 7.55527, 26.4061, -0.374005, -1.12261, 0, 
20.6968 s: 25, -25, 59.7169, 43.4223, -0.38, 0.932595, 0.0020388, 
20.9068 s: -24.9994, -25, 30.947, 35.0571, 0.356105, 1.2, 0.00559459, 

Ausgeführte Steuersignale: 
19.8424 s: -1.2
20.0422 s: 0.896226

Echte Zustände: 
19.8424 s: -4.91106, 20.9985, 14.4558, 131.85, -2.65763, 1.16094, 0, 
20.0422 s: -37.7636, 33.1629, 9.99935, 136.951, -2.66184, 0.499378, 0.0777549, 
20.0524 s: -31.3514, 22.97, 9.65271, 137.232, -2.65619, 0.602846, 0.0870098, 

Unabänderliche Steuersignale: 
19.8424 s: 0.896226

Erwartete Zustände: 
19.8232 s: -37.7636, 33.1629, 136.951, -2.66184, 0, 0, 0, 
19.8334 s: -61.8943, 60.1948, 136.467, -2.21107, 0.00113866, 0.21755, 0.00925493, 

Unabänderliche Steuersignale: 
20.0422 s: 1.01403
20.2522 s: -1.1748
20.2665 s: -1.17028

Erwartete Zustände: 
20.0422 s: -61.8943, 60.1948, 136.467, -2.21107, 0.00113866, 0.21755, 0.00925493, 
20.2522 s: -39.6941, 45.2132, 128.184, 3.32921, 0.0232273, -0.769023, 0.0944537, 
20.2665 s: -17.4111, 34.0529, 127.796, 3.8633, 0.0112302, -0.892096, 0.114221, 

Optimale Steuerung: 
20.2735 s: 1.19921
20.4835 s: 0.0934656
20.6935 s: -0.277991
20.9035 s: -0.517822
21.1135 s: 0.836036

Angestrebte Zustände: 
20.2735 s: -17.4111, 34.0529, 127.796, 3.8633, 0.0112302, -0.892096, 0.114221, 
20.4835 s: -25, 25, 47.686, 14.5819, 0.379011, 1.17246, 0.5, 
20.6935 s: -24.8697, -24.31, 13.2025, 21.5509, 0.372847, -1.19962, 0.118908, 
20.9035 s: 24.9995, -24.9997, 14.4121, -2.93869, -0.338151, -0.734025, 0.359788, 
21.1135 s: 22.3684, 23.6725, 41.1476, -4.56362, -0.289535, 1.2, 0.129507, 

Ausgeführte Steuersignale: 
20.0668 s: 1.01403
20.2768 s: -1.1748

Echte Zustände: 
20.0668 s: -31.3514, 22.97, 9.65271, 137.232, -2.65619, 0.602846, 0, 
20.2768 s: -11.6989, 33.6811, 2.07424, 142.282, -2.61896, -0.767131, 0.0851987, 
20.3232 s: 42.1974, 65.202, 3.09036, 144.739, -2.66222, -1.04279, 0.148416, 

