0, 0.392405, 0, 0, 3.14159, 3.14159, 0, 0, 0, 1
0.1, -1.2, -4.57438, 0.556801, 3.03057, 3.16171, -0.0146166, -0.65223, 0.0374365, 0
0.1, -0.579143, -4.57438, 0.556801, 3.03057, 3.16171, -0.0146166, -0.65223, 0.0374365, 2
0.2, -0.298726, 0.280949, -2.16718, 2.8159, 3.0812, -0.0679237, -0.413911, 0.0586687, 0
0.31, -0.801516, 1.58476, -2.80367, 2.91851, 2.8078, -0.122174, -0.572462, 0.0989103, 0
0.52, 0.506434, 1.69117, 3.32183, 3.26248, 2.8622, -0.17755, 0.0450705, 0.193295, 0
0.73, 0.5191, 1.39886, 5.68584, 3.58693, 3.80801, -0.0967174, 0.724768, 0.248519, 0
0.94, 0.187875, 23.5119, -23.1398, 6.20257, 1.97534, -0.00117175, 0.185191, 0.280519, 0
0.1, -0.579143, -4.57438, 0.556801, 3.16171, -0.0146166, 0, -0.65223, 0.0374365, 1
0.2, -0.298726, -0.387115, 2.92869, 2.8768, 0.130522, -0.0536, -0.406495, 0.0573582, 0
0.2, -0.876248, -0.387115, 2.92869, 2.8768, 0.130522, -0.0536, -0.406495, 0.0573582, 2
0.3, -1.16626, -2.13852, 6.56242, 2.75052, 0.605078, -0.128594, -1.09338, 0.163757, 0
0.41, -0.126673, -2.39861, 11.7225, 2.50097, 1.61075, -0.220253, -0.573164, 0.239448, 0
0.62, 1.11027, 8.16812, 6.61713, 3.10677, 3.53641, -0.17811, 0.974532, 0.370567, 0
0.83, -0.00110884, 12.5861, 3.17563, 5.28597, 4.56465, -0.0375406, 0.364222, 0.5, 0
0.2, -0.876248, -1.6293, -3.71724, 3.02529, -0.0445025, 0, -0.406495, 0.0573582, 1
0.3, -1.16626, -3.83137, -3.67966, 2.68508, -0.423451, -0.0777554, -1.02346, 0.162355, 0
0.3, -1.2, -3.83137, -3.67966, 2.68508, -0.423451, -0.0777554, -1.02346, 0.162355, 2
0.4, 0.256306, 2.42856, -1.63454, 2.61224, -0.675162, -0.166334, -0.650482, 0.231496, 0
0.51, -1.2, 4.42853, -5.36362, 2.98841, -1.05638, -0.229071, -0.443264, 0.255525, 0
0.72, 1.10064, -22.4501, 10.158, 1.09204, -0.551862, -0.254671, 0.206499, 0.496965, 0
0.93, -1.2, 19.7596, 25, 0.811887, 3.13708, -0.281795, -0.499916, 0.5, 0
0.3, -1.2, 0, 0, 0, 0, 0, -1.02346, 0.162355, 1
0.4, 0.256306, -6.1091, 1.2324, -0.193676, 0.0373641, -0.0773749, -0.259147, 0.202293, 0
0.4, 0.256306, 0, 0, 0, 0, 0, 0, 0, 0
0.4, -1.2, 0, 0, 0, 0, 0, 0, 0, 2
0.5, -0.461737, 8.95779, -1.62934, 0.44789, -0.0814669, -0.0464172, -0.928345, 0.0826601, 0
0.61, 1.2, 8.73926, -2.4016, 1.42123, -0.303168, -0.0654692, 0.581945, 0.173586, 0
0.82, -0.892479, -6.1002, 18.3659, 1.69833, 1.37308, -0.00859966, -0.0403302, 0.408421, 0
0.4, -1.2, 3.72701, -2.10664, -0.101331, -0.0401634, 0, 0, 0, 1
0.5, -0.461737, 9.24738, -1.62939, 0.704711, -0.277291, -0.0580152, -0.634726, 0.0735762, 0
0.5, 0.999353, 9.24738, -1.62939, 0.704711, -0.277291, -0.0580152, -0.634726, 0.0735762, 2
0.6, 1.01535, 6.52827, -3.2676, 1.49349, -0.52214, -0.0297515, 1.2, 0.175059, 0
0.71, -0.855275, 10.7669, 4.17769, 2.44473, -0.472085, 0.0305473, -0.103658, 0.271993, 0
0.92, 1.2, 8.27044, 13.163, 4.44365, 1.34869, 0.0508985, 0.297479, 0.5, 0
0.5, 0.999353, 10.572, 0.943639, -0.200866, -0.0981786, 0, -0.634726, 0.0735762, 1
0.6, 1.01535, 0.0255817, 2.21155, 0.103444, 0.096418, 0.0409202, 0.879581, 0.175054, 0
0.6, 1.2, 0.0255817, 2.21155, 0.103444, 0.096418, 0.0409202, 0.879581, 0.175054, 2
0.7, 0.407296, 1.10564, 2.66075, 0.160005, 0.340033, 0.124636, 0.79474, 0.255349, 0
0.81, 0.857586, 3.83564, 3.95172, 0.431776, 0.703718, 0.201667, 0.60582, 0.304923, 0
1.02, -1.05945, 7.86546, 5.17209, 1.66039, 1.66172, 0.221043, -0.421291, 0.5, 0
0.6, 1.2, 18.9582, 13.0193, 0.22531, -0.0341806, 0, 0.879581, 0.175054, 1
0.7, 0.407296, 20.377, 15.7808, 1.69377, 1.85392, 0.0886421, 0.67003, 0.244876, 0
0.7, 0.0321158, 20.377, 15.7808, 1.69377, 1.85392, 0.0886421, 0.67003, 0.244876, 2
0.8, -0.971292, 18.4334, 15.7351, 3.63429, 3.42971, 0.0919793, -0.603286, 0.292098, 0
0.91, 0.560725, 7.68315, 18.8499, 5.0707, 5.33189, 0.0510984, -0.140003, 0.361278, 0
1.12, 1.00337, 25, -23.5493, 8.50243, 4.83846, 0.162398, 1.2, 0.5, 0
0.7, 0.0321158, 0.429795, 22.1055, 2.4304, 0.0224811, 0, 0.67003, 0.244876, 1
0.8, -0.971292, -5.24857, 23.4829, 1.06661, 2.68142, 0.00145889, -0.555735, 0.275318, 0
0.8, -1.2, -5.24857, 23.4829, 1.06661, 2.68142, 0.00145889, -0.555735, 0.275318, 2
0.9, -0.0365984, 25, -2.94945, 2.06523, 3.69731, -0.0600364, -0.675184, 0.322886, 0
1.01, -0.0278305, 17.262, -16.6574, 4.39003, 2.61903, -0.0931533, 0.0730572, 0.308119, 0
1.22, 1.19758, -25, 25, 3.57756, 3.49514, -0.0565534, 0.275514, 0.5, 0
0.8, -1.2, -6.64017, 19.2455, 4.93587, -0.000421395, 0, -0.555735, 0.275318, 1
0.9, -0.0365984, 16.3705, 32.4437, 5.61124, 2.554, -0.0676513, -0.408358, 0.324826, 0
0.9, 1.2, 16.3705, 32.4437, 5.61124, 2.554, -0.0676513, -0.408358, 0.324826, 2
1, -1.2, -1.43862, 16.698, 6.05274, 4.96973, -0.0924986, -0.0874697, 0.446064, 0
1.11, -0.660066, 0.629779, 8.88625, 5.92332, 6.46673, -0.163539, -1.11832, 0.487846, 0
1.32, 1.2, 23.8847, -25, 8.82369, 4.6712, -0.112276, 1.19877, 0.0461041, 0
0.9, 1.2, -7.86799, 18.1873, 6.97765, -0.0478669, 0, -0.408358, 0.324826, 1
1, -1.2, 4.65101, 16.6839, 6.25186, 1.71991, 0.00185427, -0.455302, 0.372826, 0
1, 1.2, 4.65101, 16.6839, 6.25186, 1.71991, 0.00185427, -0.455302, 0.372826, 2
1.1, 0.864355, -15.0406, 21.635, 5.6045, 3.75137, 0.0378917, 1.2, 0.433699, 0
1.21, 1.16992, -15.4492, 25, 3.94176, 6.29656, 0.158573, 0.984128, 0.5, 0
1.42, 0.347913, 18.3793, 16.3952, 4.24942, 10.6433, 0.330874, 0.656833, 0.5, 0
1, 1.2, -1.98709, 17.0362, 9.20703, -0.0311653, 0, -0.455302, 0.372826, 1
1.1, 0.864355, -5.69471, 15.4922, 9.05858, 1.45714, 0.0514708, 0.854748, 0.480304, 0
1.1, -1.2, -5.69471, 15.4922, 9.05858, 1.45714, 0.0514708, 0.854748, 0.480304, 2
1.2, -1.2, -22.2426, 4.60016, 7.69331, 2.25221, 0.0369257, -1.2, 0.31561, 0
1.31, -1.19986, -25, 14.608, 4.60034, 3.28868, -0.11466, -1.2, 0.332563, 0
1.52, 1.2, -25, 25, -0.0238443, 6.517, -0.186871, 0.591, 0.5, 0
1.73, 0.0780312, -25, 25, -12.3922, 18.78, -0.038286, 0.824092, 0.5, 0
1.1, -1.2, 23.8786, 11.9101, 11.274, 0.0368596, 0, 0.854748, 0.480304, 1
1.2, -1.2, 19.1735, 29.5625, 14.3892, 0.613231, -0.0452921, -1.03659, 0.624304, 0
1.2, 1.2, 19.1735, 29.5625, 14.3892, 0.613231, -0.0452921, -1.03659, 0.624304, 2
1.3, -0.298884, -24.1104, 25, 10.9425, 4.54641, -0.0742559, 1.1609, 0.494868, 0
1.41, -0.866961, -25, 25, 7.67556, 7.75867, -0.0583184, -0.870589, 0.5, 0
1.62, -1.2, -25, 25, -1.6297, 17.1387, -0.276344, -1.2, 0.5, 0
1.2, 1.2, 0, 0, 0, 0, 0, -1.03659, 0.624304, 1
1.3, -0.298884, -9.69209, 0.0970392, -0.805098, 0.0804343, 0.00141586, 0.0682182, 0.663326, 0
1.3, -0.298884, 0, 0, 0, 0, 0, 0, 0, 0
1.3, 1.2, 0, 0, 0, 0, 0, 0, 0, 2
1.4, 0.628695, -24.3765, 17.6691, 0.715374, 0.450974, 0.0496774, 1.2, 0.014247, 0
1.51, 1.1211, -25, 25, -2.30983, 4.05761, 0.163156, 0.83169, 0.0283344, 0
1.72, -0.96202, 14.8349, -19.9164, -3.31504, 4.43944, 0.212201, -0.513684, 9.65827e-018, 0
1.3, 1.2, 0, 0, 0, 0, 0, 0, 0, 1
1.4, 0.628695, -7.19955, 1.58475, -0.51302, 0.102901, 0.062166, 0.74098, 0.0863231, 0
1.4, 0.628695, 0, 0, 0, 0, 0, 0, 0, 0
1.4, 1.2, 0, 0, 0, 0, 0, 0, 0, 2
1.5, 0.62937, -25, 20.5505, -2.05627, 1.72207, 0.0500899, 1.10968, 0.00281292, 0
1.61, -1.2, -22.5247, 24.0779, -4.67425, 4.18046, 0.0766485, -0.626765, 0.0420016, 0
1.82, -0.882595, 25, -24.0999, -4.36861, 4.17843, -0.130357, -1.2, 0.185735, 0
1.4, 1.2, 0, 0, 0, 0, 0, 0, 0, 1
1.5, 0.62937, -7.20192, 1.58398, -0.513127, 0.102895, 0.0621828, 0.74141, 0.0863784, 0
1.5, 0.62937, 0, 0, 0, 0, 0, 0, 0, 0
1.5, 0.0675632, 0, 0, 0, 0, 0, 0, 0, 2
1.6, 1.2, -5.90731, 0.805549, -0.295366, 0.0402774, 0.0354068, 0.708135, 0.0722282, 0
1.71, -1.2, -11.9851, 2.79485, -1.27945, 0.238299, 0.067966, -0.116149, 0.230628, 0
1.92, 0.485585, 4.50621, -12.4994, -2.06473, -0.780675, 0.00679048, -0.466476, 0.406586, 0
1.5, 0.0675632, 0, 0, 0, 0, 0, 0, 0, 1
1.6, 1.2, -6.53255, 1.40994, -0.261087, 0.0554825, 0.0324541, 0.782888, 0.0508546, 0
1.6, 1.2, 0, 0, 0, 0, 0, 0, 0, 0
1.6, -0.728344, 0, 0, 0, 0, 0, 0, 0, 2
1.7, 0.97556, -1.61739, 0.678883, -0.0808697, 0.0339441, 0.00690545, 0.138109, 0.0741101, 0
1.81, -1.2, -4.1764, 5.6757, -0.399528, 0.383446, 0.00607107, -0.15328, 0.205655, 0
2.02, 0.845961, -4.83097, 6.8186, -1.3453, 1.69535, -0.0297402, -0.18778, 0.431998, 0
1.6, -0.728344, 0, 0, 0, 0, 0, 0, 0, 1
1.7, 0.97556, -2.01163, -0.423496, 0.0653793, -0.0361418, -0.00399094, 0.413967, 0.025722, 0
1.7, 0.97556, 0, 0, 0, 0, 0, 0, 0, 0
1.7, 0.233522, 0, 0, 0, 0, 0, 0, 0, 2
1.8, -0.032944, -1.62009, 0.872009, -0.0810047, 0.0436004, 0.00560274, 0.112055, 0.00278089, 0
1.91, -0.11331, -2.9029, 3.24693, -0.32977, 0.270142, 0.0060732, -0.103501, 0.00354674, 0
2.12, 0.104812, 5.88274, 12.9791, -0.0168871, 1.97387, -0.00051659, 0.0407408, 0.00604834, 0
1.7, 0.233522, 0, 0, 0, 0, 0, 0, 0, 1
1.8, -0.032944, -0.914567, 0.560846, -0.0775045, 0.0244752, 0.00823686, 0.045368, 0.00159749, 0
1.8, -0.032944, 0, 0, 0, 0, 0, 0, 0, 0
1.8, 0.307875, 0, 0, 0, 0, 0, 0, 0, 2
1.9, -0.10446, -1.66979, 0.912268, -0.0834893, 0.0456134, 0.00568198, 0.11364, 0.00528496, 0
2.01, -0.0927286, -2.66352, 3.21024, -0.321821, 0.272351, 0.00459487, -0.133405, 0.00635805, 0
2.22, 0.156636, 5.71905, 12.9913, -0.000990629, 1.97351, 0.00181272, 0.106908, 0.00983706, 0
1.8, 0.307875, 0, 0, 0, 0, 0, 0, 0, 1
1.9, -0.10446, -0.862411, 0.643103, -0.0897436, 0.029334, 0.00934224, 0.0209748, 0.00245127, 0
1.9, -0.10446, 0, 0, 0, 0, 0, 0, 0, 0
1.9, 0.283865, 0, 0, 0, 0, 0, 0, 0, 2
2, -0.0812941, -1.65393, 0.899161, -0.0826963, 0.044958, 0.00565841, 0.113168, 0.0043594, 0
2.11, -0.0989841, -2.74216, 3.22141, -0.324481, 0.27159, 0.00509095, -0.123486, 0.00526176, 0
2.32, 0.140126, 5.77287, 12.9885, -0.00625605, 1.97363, 0.00114131, 0.0858702, 0.00835223, 0
1.9, 0.283865, 0, 0, 0, 0, 0, 0, 0, 1
2, -0.0812941, -0.879581, 0.616585, -0.0858073, 0.0277706, 0.0089871, 0.0288978, 0.00213705, 0
2, -0.0812941, 0, 0, 0, 0, 0, 0, 0, 0
2, 0.233505, 0, 0, 0, 0, 0, 0, 0, 2
2.1, -0.0329297, -1.62007, 0.871992, -0.0810033, 0.0435996, 0.00560265, 0.112053, 0.00278044, 0
2.21, -0.113325, -2.9029, 3.24694, -0.329766, 0.270141, 0.00607301, -0.103501, 0.00354642, 0
2.42, 0.104827, 5.88273, 12.9791, -0.0168842, 1.97387, -0.000516858, 0.0407404, 0.00604871, 0
2, 0.233505, -0.879581, 0.616585, 0.0277706, 0.0089871, 0, 0, 0, 1
2.1, -0.0329297, -2.30555, 1.75344, -0.149056, 0.110567, 0.00823654, 0.0453722, 0.00159732, 0
2.1, 1.16982, -2.30555, 1.75344, -0.149056, 0.110567, 0.00823654, 0.0453722, 0.00159732, 2
2.2, -1.2, -6.31429, 7.3448, -0.580048, 0.565479, 0.009396, -0.0221831, 0.142021, 0
2.31, -0.133988, -0.764392, 12.374, -0.969375, 1.65001, -0.0343257, -0.772757, 0.222209, 0
2.52, 0.774755, 17.0473, -10.9265, 0.74033, 1.802, -0.0297967, 0.81589, 0.28712, 0
2.1, 1.16982, 0, 0, 0, 0, 0, 0.0453722, 0.00159732, 1
2.2, -1.2, 1.53541, 1.16925, -0.154397, 0.0680871, 0.0171809, -0.42779, 0.0484205, 0
2.2, -1.2, 0, 0, 0, 0, 0, 0, 0, 0
2.2, -0.834009, 0, 0, 0, 0, 0, 0, 0, 2
2.3, 0.89241, -0.456542, 0.238909, -0.0228271, 0.0119455, 0.0016313, 0.032626, 0.0745983, 0
2.41, -1.2, -0.22486, 1.44888, -0.0603042, 0.104774, -0.00671474, -0.184372, 0.1976, 0
2.62, 1.2, 16.7099, 10.4029, 1.67063, 1.34921, -0.0172986, 0.0835735, 0.5, 0
2.2, -0.834009, 0, 0, 0, 0, 0, 0, 0, 1
2.3, 0.89241, -1.01581, -0.863287, 0.12031, -0.0516163, -0.0101558, 0.331034, 0.0249229, 0
2.3, 0.89241, 0, 0, 0, 0, 0, 0, 0, 0
2.3, -1.0897, 0, 0, 0, 0, 0, 0, 0, 2
2.4, 1.11127, -0.175194, 0.0951501, -0.00875972, 0.00475751, 0.000602476, 0.0120495, 0.121118, 0
2.51, -1.2, -0.980762, 1.36593, -0.0723373, 0.0851169, -0.00168381, -0.0536184, 0.268239, 0
2.72, 0.875927, 17.3718, 10.7686, 1.64872, 1.35925, -0.0294878, -0.211181, 0.5, 0
2.3, -1.0897, 0, 0, 0, 0, 0, 0, 0, 1
2.4, 1.11127, -0.966928, -1.26511, 0.168406, -0.0697477, -0.0146303, 0.397688, 0.0403806, 0
2.4, 1.11127, 0, 0, 0, 0, 0, 0, 0, 0
2.4, -1.09003, 0, 0, 0, 0, 0, 0, 0, 2
2.5, 1.11155, -0.174841, 0.0949637, -0.00874206, 0.00474818, 0.000601224, 0.0120245, 0.121185, 0
2.61, -1.2, -0.981724, 1.3658, -0.0723531, 0.0850902, -0.00167717, -0.0534498, 0.268341, 0
2.82, 0.875374, 17.3725, 10.769, 1.64868, 1.35924, -0.0295137, -0.21166, 0.5, 0
2.4, -1.09003, 0, 0, 0, 0, 0, 0, 0, 1
2.5, 1.11155, -0.96686, -1.26563, 0.168467, -0.0697706, -0.0146359, 0.397775, 0.0404029, 0
2.5, 1.11155, 0, 0, 0, 0, 0, 0, 0, 0
2.5, -1.08911, 0, 0, 0, 0, 0, 0, 0, 2
2.6, 1.11076, -0.175837, 0.0954895, -0.00879187, 0.00477447, 0.000604755, 0.0120951, 0.120997, 0
2.71, -1.2, -0.979105, 1.36626, -0.0723137, 0.0851706, -0.00169583, -0.053924, 0.268055, 0
2.92, 0.876927, 17.3704, 10.7677, 1.64877, 1.35924, -0.029441, -0.210316, 0.5, 0
2.5, -1.08911, 0, 0, 0, 0, 0, 0, 0, 1
2.6, 1.11076, -0.967053, -1.26415, 0.168295, -0.0697063, -0.01462, 0.397531, 0.0403401, 0
2.6, 1.11076, 0, 0, 0, 0, 0, 0, 0, 0
2.6, -1.09011, 0, 0, 0, 0, 0, 0, 0, 2
2.7, 1.11163, -0.174755, 0.0949184, -0.00873777, 0.00474592, 0.00060092, 0.0120184, 0.121203, 0
2.81, -1.2, -0.98221, 1.36602, -0.0723709, 0.0850973, -0.0016754, -0.053406, 0.268367, 0
3.02, 0.87523, 17.3725, 10.7682, 1.6486, 1.35919, -0.0295203, -0.211783, 0.5, 0
2.6, -1.09011, 0, 0, 0, 0, 0, 0, 0, 1
2.7, 1.11163, -0.966846, -1.26577, 0.168483, -0.0697765, -0.0146374, 0.397798, 0.0404087, 0
2.7, 1.11163, 0, 0, 0, 0, 0, 0, 0, 0
2.7, -1.08872, 0, 0, 0, 0, 0, 0, 0, 2
2.8, 1.11044, -0.176358, 0.0957636, -0.00881788, 0.00478818, 0.0006066, 0.012132, 0.12092, 0
2.91, -1.2, -0.982573, 1.37124, -0.072559, 0.0854734, -0.00170248, -0.0541153, 0.267939, 0
3.12, 0.877557, 17.3652, 10.7508, 1.64762, 1.35829, -0.0294106, -0.209772, 0.5, 0
2.7, -1.08872, 0, 0, 0, 0, 0, 0, 0, 1
2.8, 1.11044, -0.967206, -1.26351, 0.168221, -0.0696789, -0.014613, 0.397438, 0.0403144, 0
2.8, 1.11044, 0, 0, 0, 0, 0, 0, 0, 0
2.8, -1.09148, 0, 0, 0, 0, 0, 0, 0, 2
2.9, 1.1128, -0.173269, 0.0941335, -0.00866343, 0.00470668, 0.000595654, 0.0119131, 0.121483, 0
3.01, -1.2, -0.985643, 1.36486, -0.0724036, 0.0849515, -0.00164784, -0.0527038, 0.268791, 0
3.22, 0.872922, 17.376, 10.7716, 1.64858, 1.35928, -0.0296286, -0.213779, 0.5, 0
2.8, -1.09148, 0, 0, 0, 0, 0, 0, 0, 1
2.9, 1.1128, -0.966553, -1.26798, 0.168737, -0.0698719, -0.0146611, 0.398159, 0.0405018, 0
2.9, 1.1128, 0, 0, 0, 0, 0, 0, 0, 0
2.9, -1.09062, 0, 0, 0, 0, 0, 0, 0, 2
3, 1.11207, -0.174197, 0.0946238, -0.00870986, 0.00473119, 0.000598943, 0.0119789, 0.121307, 0
3.11, -1.2, -0.983387, 1.36547, -0.072377, 0.0850365, -0.00166512, -0.0531437, 0.268525, 0
3.32, 0.874369, 17.3739, 10.7698, 1.64862, 1.35924, -0.0295607, -0.212528, 0.5, 0
2.9, -1.09062, 0, 0, 0, 0, 0, 0, 0, 1
3, 1.11207, -0.966735, -1.26659, 0.168578, -0.0698122, -0.0146462, 0.397933, 0.0404435, 0
3, 1.11207, 0, 0, 0, 0, 0, 0, 0, 0
3, -1.08897, 0, 0, 0, 0, 0, 0, 0, 2
3.1, 1.11064, -0.17599, 0.0955697, -0.00879948, 0.00477849, 0.000605294, 0.0121059, 0.120968, 0
3.21, -1.2, -0.978733, 1.36636, -0.0723092, 0.0851844, -0.00169866, -0.053996, 0.268011, 0
3.42, 0.877163, 17.3701, 10.7675, 1.64878, 1.35924, -0.02943, -0.210112, 0.5, 0
3, -1.08897, 0, 0, 0, 0, 0, 0, 0, 1
3.1, 1.11064, -0.967082, -1.26392, 0.168269, -0.0696965, -0.0146175, 0.397494, 0.0403305, 0
3.1, 1.11064, 0, 0, 0, 0, 0, 0, 0, 0
3.1, -1.08977, 0, 0, 0, 0, 0, 0, 0, 2
3.2, 1.11133, -0.175125, 0.0951133, -0.00875623, 0.00475567, 0.000602228, 0.0120446, 0.121133, 0
3.31, -1.2, -0.981302, 1.36625, -0.0723597, 0.0851305, -0.00168228, -0.0535811, 0.268261, 0
3.52, 0.875807, 17.3716, 10.7675, 1.64862, 1.35918, -0.0294932, -0.211285, 0.5, 0
3.1, -1.08977, 0, 0, 0, 0, 0, 0, 0, 1
3.2, 1.11133, -0.966918, -1.26522, 0.168419, -0.0697527, -0.0146315, 0.397708, 0.0403855, 0
3.2, 1.11133, 0, 0, 0, 0, 0, 0, 0, 0
3.2, -1.09386, 0, 0, 0, 0, 0, 0, 0, 2
3.3, 1.11485, -0.170696, 0.0927744, -0.00853479, 0.00463872, 0.000586546, 0.0117309, 0.121971, 0
3.41, -1.2, -0.99233, 1.36359, -0.0725012, 0.084739, -0.00159962, -0.0514794, 0.269531, 0
3.62, 0.868876, 17.3814, 10.775, 1.64835, 1.35929, -0.0298188, -0.217274, 0.5, 0
3.2, -1.09386, 0, 0, 0, 0, 0, 0, 0, 1
3.3, 1.11485, -0.966053, -1.27182, 0.169181, -0.0700381, -0.0147023, 0.39879, 0.0406644, 0
3.3, 1.11485, 0, 0, 0, 0, 0, 0, 0, 0
3.3, -1.09307, 0, 0, 0, 0, 0, 0, 0, 2
3.4, 1.11417, -0.171548, 0.0932249, -0.00857742, 0.00466124, 0.000589563, 0.0117913, 0.121809, 0
3.51, -1.2, -0.990111, 1.36401, -0.0724687, 0.0848093, -0.00161561, -0.0518852, 0.269285, 0
3.72, 0.870219, 17.3796, 10.7739, 1.64843, 1.35929, -0.0297555, -0.216114, 0.5, 0
3.3, -1.09307, 0, 0, 0, 0, 0, 0, 0, 1
3.4, 1.11417, -0.966219, -1.27054, 0.169034, -0.069983, -0.0146886, 0.398581, 0.0406105, 0
3.4, 1.11417, 0, 0, 0, 0, 0, 0, 0, 0
3.4, -0.834011, 0, 0, 0, 0, 0, 0, 0, 2
3.5, 0.892411, -0.45654, 0.238908, -0.022827, 0.0119454, 0.00163129, 0.0326259, 0.0745985, 0
3.61, -1.2, -0.224865, 1.44888, -0.0603043, 0.104774, -0.00671471, -0.184371, 0.1976, 0
3.82, 1.2, 16.7099, 10.4029, 1.67063, 1.34921, -0.0172986, 0.0835721, 0.5, 0
3.4, -0.834011, 0, 0, 0, 0, 0, 0, 0, 1
3.5, 0.892411, -1.01581, -0.863289, 0.120311, -0.0516164, -0.0101559, 0.331035, 0.024923, 0
3.5, 0.892411, 0, 0, 0, 0, 0, 0, 0, 0
3.5, -1.08985, 0, 0, 0, 0, 0, 0, 0, 2
3.6, 1.1114, -0.175035, 0.0950657, -0.00875173, 0.00475329, 0.000601909, 0.0120382, 0.121149, 0
3.71, -1.2, -0.981266, 1.36594, -0.0723483, 0.0851085, -0.00168076, -0.0535413, 0.268286, 0
3.92, 0.875674, 17.372, 10.7686, 1.64868, 1.35923, -0.0294996, -0.2114, 0.5, 0
3.5, -1.08985, 0, 0, 0, 0, 0, 0, 0, 1
3.6, 1.1114, -0.966898, -1.26535, 0.168434, -0.0697582, -0.0146328, 0.397728, 0.0403908, 0
3.6, 1.1114, 0, 0, 0, 0, 0, 0, 0, 0
3.6, -0.834008, 0, 0, 0, 0, 0, 0, 0, 2
3.7, 0.89241, -0.45655, 0.238913, -0.0228275, 0.0119457, 0.00163133, 0.0326266, 0.0745983, 0
3.81, -1.2, -0.225048, 1.44908, -0.0603154, 0.104785, -0.00671467, -0.184372, 0.1976, 0
4.02, 1.2, 16.7097, 10.4022, 1.67058, 1.34917, -0.0172985, 0.0835735, 0.5, 0
3.6, -0.834008, 0, 0, 0, 0, 0, 0, 0, 1
3.7, 0.89241, -1.01581, -0.863284, 0.12031, -0.0516162, -0.0101558, 0.331035, 0.0249229, 0
3.7, 0.89241, 0, 0, 0, 0, 0, 0, 0, 0
3.7, -1.08977, 0, 0, 0, 0, 0, 0, 0, 2
3.8, 1.11133, -0.175116, 0.0951086, -0.00875579, 0.00475543, 0.000602198, 0.012044, 0.121133, 0
3.91, -1.2, -0.980978, 1.3659, -0.072341, 0.0851111, -0.00168233, -0.0535809, 0.268262, 0
4.12, 0.875803, 17.3719, 10.7687, 1.64871, 1.35924, -0.0294936, -0.211288, 0.5, 0
3.7, -1.08977, 0, 0, 0, 0, 0, 0, 0, 1
3.8, 1.11133, -0.966913, -1.26522, 0.168419, -0.0697528, -0.0146315, 0.397708, 0.0403855, 0
3.8, 1.11133, 0, 0, 0, 0, 0, 0, 0, 0
3.8, -1.09047, 0, 0, 0, 0, 0, 0, 0, 2
3.9, 1.11193, -0.174375, 0.0947177, -0.00871876, 0.00473589, 0.000599574, 0.0119915, 0.121275, 0
4.01, -1.2, -0.983303, 1.36593, -0.0723911, 0.0850716, -0.00166822, -0.053224, 0.268477, 0
4.22, 0.874633, 17.3732, 10.7683, 1.64854, 1.35917, -0.0295483, -0.2123, 0.5, 0
3.8, -1.09047, 0, 0, 0, 0, 0, 0, 0, 1
3.9, 1.11193, -0.966773, -1.26634, 0.168548, -0.0698012, -0.0146435, 0.397892, 0.0404328, 0
3.9, 1.11193, 0, 0, 0, 0, 0, 0, 0, 0
3.9, -1.09087, 0, 0, 0, 0, 0, 0, 0, 2
4, 1.11228, -0.173926, 0.0944808, -0.00869632, 0.00472404, 0.000597984, 0.0119597, 0.121358, 0
4.11, -1.2, -0.984032, 1.36528, -0.072384, 0.085011, -0.00166009, -0.0530156, 0.268603, 0
4.32, 0.873948, 17.3745, 10.7704, 1.64861, 1.35926, -0.0295805, -0.212893, 0.5, 0
3.9, -1.09087, 0, 0, 0, 0, 0, 0, 0, 1
4, 1.11228, -0.966681, -1.267, 0.168624, -0.0698296, -0.0146506, 0.397999, 0.0404605, 0
4, 1.11228, 0, 0, 0, 0, 0, 0, 0, 0
4, -1.05966, 0, 0, 0, 0, 0, 0, 0, 2
4.1, 1.08529, -0.20707, 0.111899, -0.0103535, 0.00559496, 0.000715917, 0.0143183, 0.115036, 0
4.21, -1.2, -0.86631, 1.35021, -0.0693894, 0.0860109, -0.00229782, -0.0691136, 0.259017, 0
4.42, 0.924703, 17.3283, 10.8299, 1.65912, 1.36492, -0.0272698, -0.168715, 0.5, 0
4, -1.05966, -0.966681, -1.267, -0.0698296, -0.0146506, 0, 0, 0, 1
4.1, 1.08529, -3.77547, -1.2459, -0.0733328, -0.164338, -0.0141111, 0.389686, 0.0383562, 0
4.1, -1.2, -3.77547, -1.2459, -0.0733328, -0.164338, -0.0141111, 0.389686, 0.0383562, 2
4.2, 0.193211, 3.96569, -3.85252, -0.0638217, -0.419259, -0.0250353, -0.608169, 0.112223, 0
4.31, -1.2, 2.82776, -4.17932, 0.309818, -0.86101, -0.0852261, -0.486209, 0.193476, 0
4.52, 1.2, 19.8371, 18.2568, 2.68963, 0.617125, -0.113137, 0.22039, 0.495875, 0
4.1, -1.2, 0.36665, -5.06567, -0.370648, -0.0287617, 0, 0.389686, 0.0383562, 1
4.2, 0.193211, 2.29767, -4.91673, -0.0326447, -0.497997, -0.0275636, -0.186917, 0.0798721, 0
4.2, 0.481156, 2.29767, -4.91673, -0.0326447, -0.497997, -0.0275636, -0.186917, 0.0798721, 2
4.3, -1.2, 2.73057, -6.09892, 0.218767, -1.04878, -0.0558925, -0.37966, 0.163448, 0
4.41, -0.814526, 19.0451, 5.99535, 1.41643, -1.05448, -0.137835, -1.1102, 0.279138, 0
4.62, 1.2, 16.9513, 25, 5.19606, 2.20004, -0.172155, 0.783343, 0.5, 0
4.2, 0.481156, 3.16404, -7.65778, -0.957849, -0.0704938, 0, -0.186917, 0.0798721, 1
4.3, -1.2, 2.495, -8.13275, -0.733707, -0.88835, -0.017971, -0.641885, 0.116343, 0
4.3, -1.2, 2.495, -8.13275, -0.733707, -0.88835, -0.017971, -0.641885, 0.116343, 2
4.4, -1.2, 13.1687, -8.97635, 0.787075, -1.91136, -0.0948038, -1.2, 0.284655, 0
4.51, -1.17704, 25, -13.4688, 2.97634, -3.21884, -0.234966, -1.2, 0.440347, 0
4.72, 0.0839974, 10.556, -17.2435, 6.71069, -6.44365, -0.38, -0.217946, 0.5, 0
4.3, -1.2, 4.74261, -10.5089, -1.91961, -0.0816687, 0, -0.641885, 0.116343, 1
4.4, -1.2, 6.28013, -13.4166, -1.41197, -1.17406, -0.0997077, -1.15561, 0.260343, 0
4.4, 1.0662, 6.28013, -13.4166, -1.41197, -1.17406, -0.0997077, -1.15561, 0.260343, 2
4.5, 0.940169, 19.8523, -23.2958, 0.0430235, -3.33578, -0.0966829, 1.2, 0.392763, 0
4.61, -0.525156, 25, -25, 3.00233, -6.54364, -0.0264744, 0.0359983, 0.461964, 0
4.82, 0.18951, 25, -25, 9.11466, -12.7349, -0.0500164, -0.260207, 0.478601, 0
4.4, 1.0662, 19.9343, -19.6713, -3.11221, -0.158038, 0, -1.15561, 0.260343, 1
4.5, 0.940169, 16.003, -29.3963, -0.110413, -3.50072, 0.0227044, 0.809295, 0.361113, 0
4.5, 0.870236, 16.003, -29.3963, -0.110413, -3.50072, 0.0227044, 0.809295, 0.361113, 2
4.6, -1.2, 25, -23.2946, 2.63659, -6.93133, 0.0265952, 0.0298684, 0.465825, 0
4.71, 0.33452, 2.89838, -13.0605, 4.15147, -8.97438, -0.0232347, -0.599886, 0.46172, 0
4.92, 0.974157, 18.3491, -16.4629, 6.39172, -12.1138, 0.0347136, 0.881192, 0.135664, 0
4.5, 0.870236, 27.3693, 9.91734, -4.38101, -0.0933173, 0, 0.809295, 0.361113, 1
4.6, -1.2, -25.467, 40.8021, -3.10351, 2.6637, 0.0333384, -0.452137, 0.399547, 0
4.6, 1.2, -25.467, 40.8021, -3.10351, 2.6637, 0.0333384, -0.452137, 0.399547, 2
4.7, 1.09944, 25, 24.4342, 5.7346, 8.00071, -0.17677, 1.14409, 0.35965, 0
4.81, -1.19999, 22.139, 5.04246, 13.5198, 10.0156, -0.182, -0.551852, 0.327173, 0
5.02, -1.17679, 25, 22.8441, 18.9769, 16.5932, -0.371077, -1.16134, 0.420697, 0
5.23, 1.2, 23.6292, 19.2524, 27.2144, 22.956, -0.38, 0.504166, 0.0886175, 0
5.44, -1.09033, -9.68962, 2.08543, 33.5018, 25.0201, -0.363387, -1.09079, 0.5, 0
4.6, 1.2, 23.3868, -5.68208, -3.25906, -0.0894038, 0, -0.452137, 0.399547, 1
4.7, 1.09944, 19.0165, -21.8614, -0.372831, -2.46778, 0.0574305, 1.00461, 0.531817, 0
4.7, 1.2, 19.0165, -21.8614, -0.372831, -2.46778, 0.0574305, 1.00461, 0.531817, 2
4.8, 1.2, 0.940277, -4.81282, 1.48184, -2.64978, 0.118973, 1.03818, 0.375417, 0
4.91, 0.246221, 12.7251, -9.25654, 2.29687, -3.24024, 0.159695, 0.861476, 0.0690522, 0
5.12, -1.2, 25, -25, 6.6018, -8.70952, 0.18583, -1.06815, 0, 0
4.7, 1.2, 29.5931, 11.764, -4.40084, -0.0155342, 0, 1.00461, 0.531817, 1
4.8, 1.2, -26.1376, 49.5034, -3.36817, 3.25918, 0.112896, 1.18446, 0.675817, 0
4.8, -1.2, -26.1376, 49.5034, -3.36817, 3.25918, 0.112896, 1.18446, 0.675817, 2
4.9, -1.2, 25, -24.9506, 6.34429, -1.21317, -0.164371, -1.2, 0.5, 0
5.01, -1.13686, 25, -25, 22.0586, -14.9485, -0.348453, -1.2, 0.5, 0
5.22, 0.924533, 24.9229, -25, 41.3979, -34.5347, -0.38, 0.8675, 0.5, 0
5.43, 1.2, 24.9015, -25, 64.4905, -40.7672, 0.38, 1.2, 0.0631921, 0
4.8, -1.2, -23.0709, 38.2973, -1.48176, 0.0608354, 0, 1.18446, 0.675817, 1
4.9, -1.2, -20.7754, 37.814, -3.37202, 4.98859, -0.0333042, -1.01037, 0.819817, 0
4.9, 1.2, -20.7754, 37.814, -3.37202, 4.98859, -0.0333042, -1.01037, 0.819817, 2
5, 0.0984975, 24.982, -25, 6.06558, -0.0454705, 0.336691, 0.726852, 0.499765, 0
5.11, 0.543178, 23.9999, -25, 21.0997, -13.6337, 0.278662, 0.331192, 0.470563, 0
5.32, -1.2, 22.7454, -25, 43.4745, -34.6326, -0.0316327, -1.2, 0, 0
5.53, 1.2, -15.4842, -9.92903, 18.887, -34.9185, -0.38, 1.2, 0, 0
4.9, 1.2, 38.3598, 49.2419, 2.31515, -0.0155342, 0, -1.01037, 0.819817, 1
5, 0.0984975, 36.8094, 38.2654, 2.80971, 4.83729, 0.0122488, 0.323203, 0.872081, 0
5, -0.607942, 36.8094, 38.2654, 2.80971, 4.83729, 0.0122488, 0.323203, 0.872081, 2
5.1, -1.2, 24.8298, -25, 23.7097, 2.20255, 0.15418, -1.2, 0.174731, 0
5.21, 1.2, 25, -25, 40.4371, -6.53785, -0.0248672, -0.331147, 0.332412, 0
5.42, -1.2, 24.9698, 24.6798, 60.861, -8.46973, 0.162637, 1.2, 0.5, 0
5.63, 1.2, -24.7308, 25, 44.5591, 2.67527, 0.20429, -1.17619, 0.5, 0
5, -0.607942, -13.2446, 32.175, 6.36745, 0.0334502, 0, 0.323203, 0.872081, 1
5.1, -1.2, 28.8277, 1.93556, 7.3858, 2.03398, -0.0416586, -0.910684, 0.956718, 0
5.1, 1.2, 28.8277, 1.93556, 7.3858, 2.03398, -0.0416586, -0.910684, 0.956718, 2
5.2, 1.2, 25, -25, 16.1445, -6.16173, -0.0274223, 1.2, 0.5, 0
5.31, -1.2, 25, -25, 24.6897, -13.1023, 0.0562635, -0.203394, 0.5, 0
5.52, -0.152268, 25, -25, 37.198, -25.5554, -0.0950745, -1.2, 0.5, 0
5.1, 1.2, 34.1609, 24.864, 9.86355, -0.0199596, 0, -0.910684, 0.956718, 1
5.2, 1.2, 23.5835, -19.0466, 12.7142, -0.860183, 0.0432584, 1.03214, 1.10072, 0
5.2, 1.2, 23.5835, -19.0466, 12.7142, -0.860183, 0.0432584, 1.03214, 1.10072, 2
5.3, 1.2, 25, -25, 22.2695, -6.54924, 0.240826, 1.2, 0.5, 0
5.41, 1.09023, 25, -25, 31.3579, -12.7649, 0.38, 1.2, 0.5, 0
5.62, -0.112062, 25, -25, 40.7336, -21.9913, 0.36948, 0.656918, 0.485892, 0
5.2, 1.2, 36.6785, 20.8231, 9.59403, 0.05641, 0, 1.03214, 1.10072, 1
5.3, 1.2, 30.8107, -26.7494, 12.1599, -0.232968, 0.113897, 1.18665, 1.24472, 0
5.3, -1.04716, 30.8107, -26.7494, 12.1599, -0.232968, 0.113897, 1.18665, 1.24472, 2
5.4, -0.814799, 25, -25, 15.9189, 1.35322, 0.271427, -0.935833, 0.443893, 0
5.51, 0.911184, 25, -25, 42.5669, -26.5173, 0.23894, -0.115648, 0.273296, 0
5.72, 0.912157, -23.7542, 24.3363, 69.6986, -32.3051, 0.38, 1.00128, 0.254783, 0
5.3, -1.04716, -8.61386, 33.7085, 13.1532, 0.13278, 0, 1.18665, 1.24472, 1
5.4, -0.814799, 37.762, -2.36917, 14.8518, 1.89532, -0.0177209, -0.721633, 1.33184, 0
5.4, -1.2, 37.762, -2.36917, 14.8518, 1.89532, -0.0177209, -0.721633, 1.33184, 2
5.5, -0.149836, 25, -25, 25.0851, -5.88594, -0.251667, -1.2, 0.278309, 0
5.61, 1.2, 25, -25, 35.1263, -15.3851, -0.324195, 1.01633, 0.286125, 0
5.82, 0.418612, 1.86177, 19.3509, 39.0897, -15.8167, -0.142226, 1.2, 0.5, 0
6.03, -1.199, 23.4473, -25, 44.7253, -15.1505, -0.15933, -1.16661, 0.5, 0
5.4, -1.2, 41.3762, -16.4107, 15.5137, 0.0719138, 0, -0.721633, 1.33184, 1
5.5, -0.149836, 30.871, -29.186, 19.5486, -3.33036, -0.0764984, -0.493618, 1.38658, 0
5.5, 1.2, 30.871, -29.186, 19.5486, -3.33036, -0.0764984, -0.493618, 1.38658, 2
5.6, 0.726504, 16.4788, -25, 29.1666, -15.2341, -0.0752625, 1.03466, 0.455147, 0
5.71, -1.2, -25, 12.0078, 14.0878, -10.9566, 0.169073, -0.0604771, 0.427422, 0
5.92, 1.2, 25, -25, 10.7624, -36.257, 0.112152, -0.111162, 0.5, 0
5.5, 1.2, 15.4883, 36.6342, 16.2207, 0.0216529, 0, -0.493618, 1.38658, 1
5.6, 0.726504, -7.94653, 24.7519, 17.8904, 3.606, 0.0466505, 0.763971, 1.48124, 0
5.6, 1.2, -7.94653, 24.7519, 17.8904, 3.606, 0.0466505, 0.763971, 1.48124, 2
5.7, -0.933183, -25, 25, 17.8258, 5.36277, -0.0108785, 0.942541, 0.5, 0
5.81, -1.2, -18.2676, 23.378, 11.9866, 11.8848, -0.105738, -1.17973, 0.5, 0
6.02, -1.17393, 25, -25, 14.7433, 9.68985, -0.332707, -1.2, 0.5, 0
5.6, 1.2, 22.3337, 45.8889, 20.1344, 0.0862507, 0, 0.763971, 1.48124, 1
5.7, -0.933183, 42.0043, 21.1496, 23.0765, 3.06218, 0.0511121, -0.192263, 1.52094, 0
5.7, -1.2, 42.0043, 21.1496, 23.0765, 3.06218, 0.0511121, -0.192263, 1.52094, 2
5.8, 1.2, -25, 25, 18.8983, 6.85605, 0.149202, -1.09497, 0.471377, 0
5.91, -1.2, -22.9538, 21.9959, 14.2626, 11.6333, 0.145972, 0.569894, 0.5, 0
6.12, 0.927824, 23.646, 25, 17.0003, 18.9244, 0.210957, -0.161913, 0.5, 0
6.33, 1.14338, -25, 25, 19.6621, 37.1144, 0.233634, 1.2, 0.490239, 0
5.7, -1.2, -9.85758, 34.7302, 24.7662, 0.109586, 0, -0.192263, 1.52094, 1
5.8, 1.2, 26.9233, 3.94622, 26.2686, 2.22782, -0.0236921, 0.407536, 1.56894, 0
5.8, 1.2, 26.9233, 3.94622, 26.2686, 2.22782, -0.0236921, 0.407536, 1.56894, 2
5.9, 0.25467, -23.4711, -0.673415, 18.1599, 8.18936, 0.18454, 1.2, 0.5, 0
6.01, -1.2, -14.3308, 25, 10.8738, 10.928, 0.268494, -0.562001, 0.5, 0
6.22, -0.00948396, -25, 25, 3.50125, 18.8236, 0.0902177, -1.13587, 0.5, 0
5.8, 1.2, 46.9548, 42.8456, 29.0557, 0.0928842, 0, 0.407536, 1.56894, 1
5.9, 0.25467, 42.6147, 16.8717, 33.3486, -0.161655, 0.0676846, 0.535356, 1.62929, 0
5.9, 0.951069, 42.6147, 16.8717, 33.3486, -0.161655, 0.0676846, 0.535356, 1.62929, 2
6, -1.2, -25, 25, 22.3364, 13.0966, 0.284688, 0.903499, 0, 0
6.11, 1.19889, -25, -8.78583, 13.4225, 24.6121, 0.226016, -1.17698, 0.0142097, 0
6.32, -1.19867, 24.999, 25, 19.5281, 35.9764, 0.316298, 0.797812, 0.5, 0
5.9, 0.951069, 45.8784, 16.1678, 28.7247, 0.145751, 0, 0.535356, 1.62929, 1
6, -1.2, 40.956, 5.4025, 32.4435, -1.37725, 0.026513, -0.450961, 1.66939, 0
6, 1.08921, 40.956, 5.4025, 32.4435, -1.37725, 0.026513, -0.450961, 1.66939, 2
6.1, -1.2, -25, 24.9799, 10.3065, 4.12443, 0.375312, 1.10371, 0.5, 0
6.21, -1.16582, -23.5191, 25, -17.419, 32.4163, 0.0145852, -1.2, 0.5, 0
6.42, 1.2, 25, -24.9887, -13.802, 56.3165, -0.375476, 1.2, 0.5, 0
6, 1.08921, -44.8403, 66.1986, 33.3269, 0.1528, 0, -0.450961, 1.66939, 1
6.1, -1.2, -45.1609, 65.0382, 28.6776, 7.93515, -0.00399106, -0.490161, 1.71337, 0
6.1, 1.2, -45.1609, 65.0382, 28.6776, 7.93515, -0.00399106, -0.490161, 1.71337, 2
6.2, 1.2, -25, 25, 19.9299, 21.9953, -0.258637, 1.2, 0.5, 0
6.31, 0.746373, -16.7784, 24.9635, 15.1211, 31.3233, 0.0495279, 1.15627, 0.5, 0
6.52, 1.2, 25, 24.9458, 18.3227, 40.198, 0.38, 1.18598, 0.5, 0
6.73, -1.2, 25, -23.5039, 29.7787, 39.6349, 0.38, -1.17, 0.203601, 0
6.1, 1.2, 38.2458, 0.406763, 37.63, 0.165205, 0, -0.490161, 1.71337, 1
6.2, 1.2, 3.20725, 35.2507, 39.5351, 2.07831, 0.058548, 1.06558, 1.85737, 0
6.2, -1.2, 3.20725, 35.2507, 39.5351, 2.07831, 0.058548, 1.06558, 1.85737, 2
6.3, 1.1209, -24.9688, 25, 30.0635, 16.6109, 0.347027, 0.95552, 0.5, 0
6.41, -1.18757, -24.8871, 22.386, 13.5884, 26.4567, -0.362807, -1.13838, 0.5, 0
6.62, -1.19615, -22.6363, -24.3199, 6.56777, 17.3524, -0.376567, -1.2, 0.499912, 0
6.2, -1.2, 56.9962, 39.5898, 37.0846, 0.241574, 0, 1.06558, 1.85737, 1
6.3, 1.1209, 18.575, 82.2521, 42.6951, 4.39493, 0.0200751, 0.457231, 1.90242, 0
6.3, -1.13556, 18.575, 82.2521, 42.6951, 4.39493, 0.0200751, 0.457231, 1.90242, 2
6.4, 1.09705, -25, 24.9797, 35.3568, 23.3268, 0.209368, -0.835086, 0.5, 0
6.51, -1.16402, -24.9582, -4.71636, 23.6198, 29.4736, 0.0167528, -1.19496, 0.499988, 0
6.72, 1.11797, 25, -24.9917, 24.7176, 16.2923, -0.377408, -1.1557, 0.00120169, 0
6.3, -1.13556, 40.4355, -34.023, 37.6155, 0.222906, 0, 0.457231, 1.90242, 1
6.4, 1.09705, 55.1512, 50.1967, 41.6915, 0.988912, -0.000138113, 0.411972, 1.94399, 0
6.4, -1.2, 55.1512, 50.1967, 41.6915, 0.988912, -0.000138113, 0.411972, 1.94399, 2
6.5, -0.892751, -13.8943, 25, 40.4114, 2.46142, -0.0135018, -1.2, 0.5, 0
6.61, -1.2, -25, 25, 29.9846, 11.6949, -0.374336, -1.15511, 0.5, 0
6.82, -1.2, -25, 25, 9.15561, 27.844, -0.38, -1.2, 0.449005, 0
7.03, -0.460628, 25, 25, 8.48979, 23.1281, -0.372753, -0.702635, 0.463156, 0
6.4, -1.2, 42.0206, 11.3803, 38.3947, 0.206144, 0, 0.411972, 1.94399, 1
6.5, -0.892751, 40.0623, 21.9101, 41.4425, 3.13632, -0.0537522, -0.876265, 2.05427, 0
6.5, 1.2, 40.0623, 21.9101, 41.4425, 3.13632, -0.0537522, -0.876265, 2.05427, 2
6.6, -1.2, -25, 25, 45.1544, 20.1669, 0.288945, 0.864737, 0.5, 0
6.71, 1.2, 25, 25, 56.1542, 58.623, 0.247648, -1.2, 0.5, 0
6.92, -1.06679, 25, -14.5207, 105.466, 112.273, -0.32687, 0.30719, 0.0283365, 0
7.13, -0.654566, 23.8816, -23.753, 130.329, 105.278, -0.379882, -1.2, 0.0262626, 0
6.5, 1.2, 46.737, 20.8622, 37.221, 0.137413, 0, -0.876265, 2.05427, 1
6.6, -1.2, 52.5526, 6.10285, 40.5312, 3.11287, -0.0151582, -0.492514, 2.10227, 0
6.6, 0.745891, 52.5526, 6.10285, 40.5312, 3.11287, -0.0151582, -0.492514, 2.10227, 2
6.7, -1.04655, 22.4339, 24.7477, 43.5744, 10.5585, -0.0585398, -1.19089, 0.5, 0
6.81, -1.2, -25, 25, 38.3729, 24.1745, -0.374084, -1.2, 0.0307914, 0
7.02, 1.2, -25, 24.8423, 19.7428, 46.8517, -0.38, 1.14461, 0.0746215, 0
7.23, -1.2, -3.6004, 16.6323, 9.0241, 63.5296, -0.36698, 1.13143, 0.155482, 0
6.6, 0.745891, 45.4061, 61.9431, 42.6182, 0.154115, 0, -0.492514, 2.10227, 1
6.7, -1.04655, 49.013, 56.5559, 46.8441, 4.41709, -0.0150007, -0.49333, 2.1313, 0
6.7, -1.2, 49.013, 56.5559, 46.8441, 4.41709, -0.0150007, -0.49333, 2.1313, 2
6.8, -0.544519, 25, 25, 49.5449, 5.02444, 0.0279213, -1.2, 0.394392, 0
6.91, 1.2, -25, 25, 35.5871, 22.6891, 0.0772538, 1.2, 0.345121, 0
7.12, -0.307454, -25, -25, -1.83979, 31.527, 0.374051, 0.692024, 0.499995, 0
7.33, -1.2, 25, -25, -3.56618, -10.2823, -0.0593678, -1.2, 0, 0
6.7, -1.2, 25.3443, 47.9983, 47.5359, 0.157021, 0, -0.49333, 2.1313, 1
6.8, -0.544519, -21.2913, 34.8495, 47.1508, 4.33751, -0.0780101, -0.726643, 2.21097, 0
6.8, -1.2, -21.2913, 34.8495, 47.1508, 4.33751, -0.0780101, -0.726643, 2.21097, 2
6.9, -0.742647, -25, 25, 38.203, 17.1162, -0.0624137, -1.16231, 0.5, 0
7.01, -1.2, -25, 25, 24.9552, 31.3308, -0.152058, -0.910399, 0.5, 0
7.22, -1.07802, -4.04301, 11.153, 21.7396, 35.2401, -0.303223, -1.2, 0.5, 0
7.43, 0.758665, -6.79713, -1.88996, 21.052, 34.5417, -0.334124, 0.592022, 0.5, 0
7.64, -1.10032, -23.5766, 25, 14.8541, 38.6641, -0.303472, -0.873336, 0.5, 0
6.8, -1.2, 35.8855, -15.9998, 48.2135, 0.0969478, 0, -0.726643, 2.21097, 1
6.9, -0.742647, 34.9151, -19.9824, 52.2709, -2.21668, -0.0914188, -0.871289, 2.30706, 0
6.9, 1.2, 34.9151, -19.9824, 52.2709, -2.21668, -0.0914188, -0.871289, 2.30706, 2
7, -0.878677, 22.9874, 25, 44.7457, 6.04941, -0.137201, 1.01689, 0.5, 0
7.11, -0.299656, 12.9909, 25, 40.1506, 12.3756, -0.113662, -1.14397, 0.5, 0
7.32, 0.488009, 25, 20.1702, 52.0909, 14.5186, -0.140312, 0.599405, 0.473997, 0
7.53, 1.15944, 25, -24.9947, 68.8305, 3.53635, 0.17354, 1.2, 0.471349, 0
6.9, 1.2, 16.331, 49.3607, 51.5366, 0.0319488, 0, -0.871289, 2.30706, 1
7, -0.878677, 49.392, 4.6839, 54.2605, 2.94729, -0.00698864, -0.287624, 2.34564, 0
7, -1.2, 49.392, 4.6839, 54.2605, 2.94729, -0.00698864, -0.287624, 2.34564, 2
7.1, 1.2, -25, 24.6969, 23.5606, -17.9703, -0.379199, 0.538363, 0.5, 0
7.21, 1.12802, -25, -17.2776, -28.064, -5.7419, -0.379675, 1.17224, 0.498035, 0
7.42, -0.290078, 24.4288, -25, -54.6726, -29.3512, 0.378602, 1.2, 0, 0
7.63, 1.2, 25, -25, -34.812, -72.8156, 0.362789, -0.482068, 0.0553593, 0
7, -1.2, 50.3558, 58.8827, 56.6541, 0.056639, 0, -0.287624, 2.34564, 1
7.1, 1.2, 55.4114, 56.9682, 62.2228, 5.75113, -0.0271593, 0.399952, 2.39364, 0
7.1, 1.2, 55.4114, 56.9682, 62.2228, 5.75113, -0.0271593, 0.399952, 2.39364, 2
7.2, 1.16812, 25, 25, 70.773, 18.8214, 0.38, 1.2, 0.5, 0
7.31, 0.931443, 25, 24.9894, 80.8439, 34.4487, 0.38, 1.2, 0.11257, 0
7.52, -1.2, -24.999, 25, 92.4572, 82.7721, 0.367695, 0.340804, 0.5, 0
7.1, 1.2, 46.4659, -28.7234, 57.9417, 0.0399374, 0, 0.399952, 2.39364, 1
7.2, 1.16812, 44.4936, -16.2834, 63.4723, -1.38861, 0.0901187, 1.11608, 2.53385, 0
7.2, 1.2, 44.4936, -16.2834, 63.4723, -1.38861, 0.0901187, 1.11608, 2.53385, 2
7.3, 1.11888, -4.14854, 25, 71.9596, 2.5144, -0.0369314, 1.19654, 0.498111, 0
7.41, -1.2, 2.00941, -1.26472, 68.9678, 10.456, -0.0601673, -1.2, 0.476478, 0
7.62, -1.18326, -24.9982, 25, 53.4121, 31.0315, -0.38, -1.2, 0.0074222, 0
7.2, 1.2, -21.223, 48.9103, 60.8202, 0.115514, 0, 1.11608, 2.53385, 1
7.3, 1.11888, -17.0987, 50.274, 58.5533, 5.9955, 0.114932, 1.1417, 2.66834, 0
7.3, 0.847764, -17.0987, 50.274, 58.5533, 5.9955, 0.114932, 1.1417, 2.66834, 2
7.4, -1.2, -24.9997, 25, 56.4293, 7.54321, 0.168183, 0.609606, 0.5, 0
7.51, 0.104488, 10.3988, 21.1779, 54.9306, 10.746, 0.0873247, -1.2, 0.5, 0
7.72, 1.2, -2.0119, 25, 56.2966, 15.5236, 0.0922277, 1.2, 0.417998, 0
7.93, 1.2, -25, 25, 17.8437, 46.3554, 0.38, 1.2, 0.5, 0
7.3, 0.847764, 60.1426, 58.5602, 66.3683, 0.189867, 0, 1.1417, 2.66834, 1
7.4, -1.2, 43.6081, -3.51808, 71.498, 0.660229, 0.0445528, -0.432084, 2.70638, 0
7.4, 1.18632, 43.6081, -3.51808, 71.498, 0.660229, 0.0445528, -0.432084, 2.70638, 2
7.5, 1.19561, -25, 24.9984, 54.3338, 8.35318, 0.0572359, 1.2, 0.5, 0
7.61, 0.577104, -21.4894, -12.0657, 38.9295, 14.0382, 0.283059, 0.85072, 0.5, 0
7.82, 1.2, -25, 24.3248, 27.4474, 14.4079, 0.336711, 0.719148, 0.453766, 0
8.03, 1.2, -24.9986, 24.9997, 5.78729, 25.0744, 0.38, 1.19156, 0.28613, 0
7.4, 1.18632, 36.3057, -18.0958, 66.9049, 0.192909, 0, -0.432084, 2.70638, 1
7.5, 1.19561, 36.3238, -37.3672, 70.5135, -3.42575, 0.0600198, 1.06352, 2.84822, 0
7.5, 0.278172, 36.3238, -37.3672, 70.5135, -3.42575, 0.0600198, 1.06352, 2.84822, 2
7.6, 1.2, -25, 25, 51.7337, 1.12286, -0.287273, 1.17899, 0.459839, 0
7.71, 1.19412, -6.37399, -10.3284, 20.0263, 24.0058, 0.195293, 1.2, 0.0146976, 0
7.92, 1.2, 16.6089, 3.07307, 31.3616, -13.837, 0.378921, 1.1956, 0.0146642, 0
7.5, 0.278172, 32.8845, -15.0392, 67.7406, 0.268639, 0, 1.06352, 2.84822, 1
7.6, 1.2, 53.1246, 23.5204, 72.0568, -0.46109, 0.0792896, 0.927293, 2.90993, 0
7.6, 0.571078, 53.1246, 23.5204, 72.0568, -0.46109, 0.0792896, 0.927293, 2.90993, 2
7.7, -1.09614, -25, 25, 63.1243, 17.4397, 0.36502, 0.583064, 0.496507, 0
7.81, -1.2, -25, 25, 45.5302, 39.3275, 0.204483, -1.1268, 0.488888, 0
8.02, 1.17457, -13.9959, -25, 41.3342, 38.8238, -0.312674, -1.04992, 0.5, 0
8.23, -1.09211, 25, -24.5954, 49.6034, 14.0794, -0.341454, -0.989586, 0.497751, 0
7.6, 0.571078, 40.4674, 12.768, 66.6119, 0.309261, 0, 0.927293, 2.90993, 1
7.7, -1.09614, 30.7806, -5.26499, 69.8672, -1.11915, 0.0286096, -0.461631, 2.93999, 0
7.7, 1.11317, 30.7806, -5.26499, 69.8672, -1.11915, 0.0286096, -0.461631, 2.93999, 2
7.8, 1.2, -25, 25, 62.2987, 11.6774, 0.377576, 1.17871, 0.5, 0
7.91, 1.14832, -17.4695, 16.0078, 42.3936, 30.1422, 0.38, 1.2, 0.499724, 0
8.12, -1.2, 24.9898, -24.9973, 76.2509, 0.83676, 0.374147, -0.715487, 0.5, 0
7.7, 1.11317, 27.145, -8.02663, 64.9122, 0.304155, 0, -0.461631, 2.93999, 1
7.8, 1.2, 30.4237, -13.627, 68.9352, 1.36611, 0.0562181, 1.04319, 3.07382, 0
7.8, -1.2, 30.4237, -13.627, 68.9352, 1.36611, 0.0562181, 1.04319, 3.07382, 2
7.9, -0.0821097, -25, 25, 49.8735, 24.5203, 0.33982, -0.680848, 0.5, 0
8.01, -1.2, 25, 17.5448, 37.7456, 44.2792, 0.277866, 0.510206, 0.498231, 0
8.22, -1.14228, 25, -23.9457, 62.0777, 35.196, 0.183623, -1.2, 0.384704, 0
7.8, -1.2, 32.0433, -26.2486, 64.4107, 0.377157, 0, 1.04319, 3.07382, 1
7.9, -0.0821097, 24.2675, -10.0583, 67.6698, 0.436477, -0.0106481, -0.310163, 3.12533, 0
7.9, -1.2, 24.2675, -10.0583, 67.6698, 0.436477, -0.0106481, -0.310163, 3.12533, 2
8, -1.2, -25, 25, 50.9421, 38.2353, -0.289414, -0.933125, 0.5, 0
8.11, -0.614215, 23.5568, 21.7331, 52.9099, 46.8479, -0.338208, -0.765112, 0.5, 0
8.32, 1.19814, 24.9991, -25, 56.5486, 41.259, -0.196528, 0.393629, 0.5, 0
7.9, -1.2, 44.1111, 35.1291, 64.2131, 0.32858, 0, -0.310163, 3.12533, 1
8, -1.2, 25.1032, 52.0163, 67.8531, 4.0755, -0.0876467, -1.12923, 3.26933, 0
8, 0.492602, 25.1032, 52.0163, 67.8531, 4.0755, -0.0876467, -1.12923, 3.26933, 2
8.1, 1.2, -24.9908, 25, 66.9049, 17.1996, 0.332945, 0.215422, 0.5, 0
8.21, 1.05572, -25, 25, 51.2111, 32.0239, 0.38, 1.18399, 0.5, 0
8.42, -0.296403, -25, 25, 29.6124, 48.9333, 0.269288, -0.0811358, 0.470592, 0
