0, -0.540146, 0, 0, 3.14159, 3.14159, 0, 0, 0, 1
0.1, -0.401486, -1.63632, -0.683713, 2.95467, 3.14333, -0.0309283, -0.408945, 0.022327, 0
0.1, -0.886027, -1.63632, -0.683713, 2.95467, 3.14333, -0.0309283, -0.408945, 0.022327, 2
0.2, -0.821255, -1.64458, -2.7127, 2.79063, 2.97351, -0.0966661, -0.905812, 0.0953022, 0
0.31, 0.926793, 6.62053, -2.06911, 3.0643, 2.71051, -0.134936, 0.209997, 0.179639, 0
0.52, -0.258451, 8.7625, -0.0364494, 4.67952, 2.48942, -0.0718882, 0.390458, 0.276842, 0
0.73, -0.270304, -5.31835, 1.55675, 5.04116, 2.64906, -0.0898168, -0.561206, 0.291528, 0
0.1, -0.886027, -1.63632, -0.683713, 2.95467, 3.14333, -0.0309283, -0.408945, 0, 1
0.2, -0.821255, -0.42553, -3.27054, 2.77858, 2.95333, -0.100575, -0.806864, 0.0729052, 0
0.2, -1.08051, -0.42553, -3.27054, 2.77858, 2.95333, -0.100575, -0.806864, 0.0729052, 2
0.3, -1.19633, -0.0698921, -3.65057, 2.75381, 2.60727, -0.199784, -1.17732, 0.202841, 0
0.41, 1.02267, 6.825, 0.804432, 3.12534, 2.45073, -0.259474, 0.0920368, 0.339079, 0
0.62, -0.133003, 11.559, 8.43858, 5.05566, 3.42125, -0.186311, 0.604753, 0.450751, 0
0.83, -0.671807, -1.32571, 5.3148, 6.13016, 4.86535, -0.213, -0.858937, 0.499998, 0
0.2, -1.08051, -0.42553, -3.27054, 2.77858, 2.95333, -0.100575, -0.806864, 0, 1
0.3, -1.19633, 0.0539069, -3.42765, 2.76476, 2.58114, -0.201556, -1.13246, 0.129712, 0
0.3, -1.1935, 0.0539069, -3.42765, 2.76476, 2.58114, -0.201556, -1.13246, 0.129712, 2
0.4, -0.846875, 1.24023, -0.981646, 2.82947, 2.36067, -0.308529, -1.00702, 0.236794, 0
0.51, 1.09868, 6.11733, 5.15889, 3.23413, 2.59042, -0.34677, 0.311726, 0.34263, 0
0.72, -0.332205, 4.79535, 13.488, 4.37996, 4.54834, -0.270396, 0.415653, 0.480963, 0
0.93, -0.265942, -8.18355, 0.571742, 4.0242, 6.02461, -0.292172, -0.62305, 0.499977, 0
0.3, -1.1935, 0.0539069, -3.42765, 2.76476, 2.58114, -0.201556, -1.13246, 0, 1
0.4, -0.846875, 1.45667, -0.902003, 2.82493, 2.35612, -0.310069, -0.968049, 0.10508, 0
0.4, -1.19995, 1.45667, -0.902003, 2.82493, 2.35612, -0.310069, -0.968049, 0.10508, 2
0.5, 0.423668, 3.73662, 3.69932, 3.08459, 2.49598, -0.374476, -0.320109, 0.186049, 0
0.61, 0.291144, 3.09127, 9.37794, 3.46013, 3.21523, -0.366313, 0.468533, 0.200583, 0
0.82, 0.425626, -0.253143, 11.6233, 3.75813, 5.42037, -0.284729, 0.308457, 0.228505, 0
1.03, 0.0132877, -0.721566, 7.39437, 3.65579, 7.41723, -0.233534, 0.179115, 0.247545, 0
0.4, -1.19995, 1.45667, -0.902003, 2.82493, 2.35612, -0.310069, -0.968049, 0, 1
0.5, 0.423668, 5.73514, 2.78241, 3.10663, 2.43663, -0.381266, -0.148216, 0.0370333, 0
0.5, -0.148254, 5.73514, 2.78241, 3.10663, 2.43663, -0.381266, -0.148216, 0.0370333, 2
0.6, 1.00116, 1.79927, 11.0053, 3.48311, 3.12619, -0.36408, 0.493686, 0.0862484, 0
0.71, 1.2, 3.46723, 10.7819, 3.77306, 4.32734, -0.270957, 1.2, 0.218184, 0
0.92, -0.644661, 3.82181, 5.09522, 4.54084, 5.99501, -0.159694, -0.140075, 0.410536, 0
1.13, -0.477597, 9.36801, 16.56, 5.92619, 8.26898, -0.253355, -0.751939, 0.475395, 0
1.34, 0.183723, 6.34338, 16.7427, 7.57615, 11.7654, -0.318944, 0.127284, 0.5, 0
0.5, -0.148254, 5.73514, 2.78241, 3.10663, 2.43663, -0.381266, -0.148216, 0, 1
0.6, 1.00116, 1.90007, 11.3971, 3.52082, 3.11582, -0.367514, 0.583255, 0.0291961, 0
0.6, 1.19999, 1.90007, 11.3971, 3.52082, 3.11582, -0.367514, 0.583255, 0.0291961, 2
0.7, 1.06983, 2.89539, 11.9951, 3.76059, 4.28543, -0.278369, 1.19963, 0.158422, 0
0.81, 0.428734, 3.42913, 5.95455, 4.10844, 5.27266, -0.175242, 0.675417, 0.231482, 0
1.02, -0.976517, 4.2807, 11.4799, 4.91797, 7.10328, -0.178264, -0.704201, 0.350909, 0
1.23, -0.682882, 18.0759, 18.0753, 7.26541, 10.2066, -0.345297, -0.886587, 0.5, 0
0.6, 1.19999, 1.90007, 11.3971, 3.52082, 3.11582, -0.367514, 0.583255, 0, 1
0.7, 1.06983, 4.7877, 8.70433, 3.7321, 4.31558, -0.273174, 1.06811, 0.128944, 0
0.7, 1.19818, 4.7877, 8.70433, 3.7321, 4.31558, -0.273174, 1.06811, 0.128944, 2
0.8, 0.618519, 5.05173, 3.3583, 4.22407, 4.91871, -0.175288, 0.889609, 0.219854, 0
0.91, 0.00902325, -2.33762, 3.00519, 4.37335, 5.2687, -0.114297, 0.219322, 0.2409, 0
1.12, -1.11069, 7.60681, 18.9805, 4.92661, 7.5772, -0.185762, -0.899936, 0.37044, 0
1.33, -0.0163483, 20.3844, 4.51169, 7.8657, 10.0439, -0.323413, -0.411027, 0.5, 0
0.7, 1.19818, 4.7877, 8.70433, 3.7321, 4.31558, -0.273174, 1.06811, 0, 1
0.8, 0.618519, 3.41156, 3.76955, 4.24774, 4.86354, -0.172497, 0.818933, 0.0853103, 0
0.8, 1.05985, 3.41156, 3.76955, 4.24774, 4.86354, -0.172497, 0.818933, 0.0853103, 2
0.9, 1.2, 1.7725, -0.341106, 4.51548, 4.99296, -0.0709593, 1.2, 0.192011, 0
1.01, 0.46658, -5.99839, -0.468885, 4.34648, 4.9137, 0.045523, 0.83793, 0.271153, 0
1.22, -1.2, 5.80696, 20.2652, 4.32638, 6.97674, 0.0379918, -0.921954, 0.41437, 0
1.43, -0.115011, 23.4449, 0.34924, 7.40091, 9.14455, -0.115568, -0.511423, 0.427002, 0
0.8, 1.05985, 3.41156, 3.76955, 4.24774, 4.86354, -0.172497, 0.818933, 0, 1
0.9, 1.2, -0.0226142, 0.940773, 4.45746, 5.06289, -0.0717866, 1.12988, 0.127837, 0
0.9, -1.2, -0.0226142, 0.940773, 4.45746, 5.06289, -0.0717866, 1.12988, 0.127837, 2
1, -0.695009, -13.4105, 3.11924, 3.7858, 5.26589, -0.0748535, -1.19122, 0.223989, 0
1.11, -1.10014, -7.31683, -12.0234, 2.6458, 4.77616, -0.187088, -0.84941, 0.317123, 0
1.32, 0.728959, 4.7492, -13.4002, 2.3762, 2.10668, -0.264169, 0.115311, 0.5, 0
0.9, -1.2, -0.0226142, 0.940773, 4.45746, 5.06289, -0.0717866, 1.12988, 0, 1
1, -0.695009, -10.8595, 1.32106, 3.71436, 5.49225, -0.0945203, -0.693326, 0.0919016, 0
1, -1.2, -10.8595, 1.32106, 3.71436, 5.49225, -0.0945203, -0.693326, 0.0919016, 2
1.1, -0.908782, -15.8842, -10.6266, 2.37717, 5.02697, -0.184024, -1.09675, 0.205196, 0
1.21, 1.19998, -12.5425, -14.7209, 0.813705, 3.63287, -0.22513, 0.349368, 0.329816, 0
1.42, 0.300682, 4.53786, -4.90508, -0.0267825, 1.57214, -0.0905781, 0.93208, 0.490503, 0
1.63, 0.005825, 21.2817, -18.0249, 2.68427, -0.835511, -0.0136864, -0.199778, 0.5, 0
1, -1.2, -10.8595, 1.32106, 3.71436, 5.49225, -0.0945203, -0.693326, 0, 1
1.1, -0.908782, -15.6471, -17.1239, 2.17349, 4.68338, -0.188858, -0.97437, 0.111881, 0
1.1, -1.2, -15.6471, -17.1239, 2.17349, 4.68338, -0.188858, -0.97437, 0.111881, 2
1.2, 1.2, -5.72565, -12.4204, 0.951692, 3.27553, -0.231774, 0.106441, 0.254073, 0
1.31, 0.900935, 7.22469, -6.38843, 1.02382, 2.24664, -0.159932, 1.2, 0.377005, 0
1.52, 0.103342, -22.5917, 23.4894, -0.589707, 4.04226, -0.0144402, 0.185703, 0.448879, 0
1.73, 0.846732, -17.9543, 18.3159, -4.84675, 8.43157, 0.0687274, 0.606287, 0.5, 0
1.1, -1.2, -15.6471, -17.1239, 2.17349, 4.68338, -0.188858, -0.97437, 0, 1
1.2, 1.2, 5.43861, -8.91384, 1.71007, 3.26909, -0.240987, 0.345336, 0.048, 0
1.2, -1.2, 5.43861, -8.91384, 1.71007, 3.26909, -0.240987, 0.345336, 0.048, 2
1.3, 1.2, -2.29972, -6.85034, 0.782789, 2.77071, -0.278943, -0.938644, 0.149037, 0
1.41, 0.867417, -19.2337, 17.1679, -0.710145, 3.59478, -0.254308, 1.2, 0.252985, 0
1.62, -1.2, -23.0621, -15.7248, -5.04223, 3.66242, -0.215382, -1.05222, 0.366659, 0
1.2, -1.2, 5.43861, -8.91384, 1.71007, 3.26909, -0.240987, 0.345336, 0, 1
1.3, 1.2, 14.807, -10.5851, 3.07479, 1.71407, -0.245132, 0.45029, 0.048, 0
1.3, -1.2, 14.807, -10.5851, 3.07479, 1.71407, -0.245132, 0.45029, 0.048, 2
1.4, 1.2, -25, 18.8242, 0.247571, 3.41502, -0.23906, 0.375038, 0.177146, 0
1.51, 0.726172, -22.6129, 1.00179, -2.40289, 4.13628, -0.171113, 1.2, 0.239466, 0
1.72, 1.2, -9.55623, -16.4466, -3.73956, 2.36873, 0.0418979, 0.937364, 0.302235, 0
1.93, 0.925323, -16.6424, 12.0131, -4.44933, 1.75736, 0.254509, 1.2, 0.415123, 0
2.14, -1.06239, -12.0242, 3.7265, -5.41824, 3.26417, 0.309858, -0.56037, 0.5, 0
1.3, -1.2, 14.807, -10.5851, 3.07479, 1.71407, -0.245132, 0.45029, 0, 1
1.4, 1.2, 14.8729, 3.89896, 4.15645, 1.33015, -0.245462, 0.458636, 0.048, 0
1.4, -1.2, 14.8729, 3.89896, 4.15645, 1.33015, -0.245462, 0.458636, 0.048, 2
1.5, 1.2, -25, 17.3889, 0.635373, 3.93469, -0.273279, -1.2, 0.460845, 0
1.61, -0.523855, -16.7888, 25, -1.78153, 6.31334, -0.306186, 0.663102, 0.5, 0
1.82, -0.405655, 23.7276, -17.6303, -1.16975, 7.15313, -0.338757, -0.97574, 0.5, 0
2.03, 1.01135, -25, -8.68769, -1.6435, 4.31852, -0.348634, 0.882483, 0.468591, 0
1.4, -1.2, 14.8729, 3.89896, 4.15645, 1.33015, -0.245462, 0.458636, 0, 1
1.5, 1.2, 3.4534, 0.50523, 5.08818, 1.61992, -0.245488, 0.459301, 0.048, 0
1.5, -1.02573, 3.4534, 0.50523, 5.08818, 1.61992, -0.245488, 0.459301, 0.048, 2
1.6, -1.2, 18.6333, 18.2222, 2.73549, 5.98273, -0.357045, -1.11292, 0.47363, 0
1.71, -0.56307, -7.2348, 25, 3.86328, 8.27017, -0.353267, -0.921168, 0.427813, 0
1.92, -1.2, -11.6528, -17.9397, 2.17625, 8.883, -0.35118, -1.2, 0.462791, 0
1.5, -1.02573, 3.4534, 0.50523, 5.08818, 1.61992, -0.245488, 0.459301, 0, 1
1.6, -1.2, 7.4114, 5.57543, 5.70838, 2.00495, -0.2984, -1.01854, 0.1241, 0
1.6, 1.2, 7.4114, 5.57543, 5.70838, 2.00495, -0.2984, -1.01854, 0.1241, 2
1.7, 0.682432, -21.7066, 11.4003, 4.77421, 3.0342, -0.292227, 1.2, 0.225201, 0
1.81, 0.816089, -16.0124, 17.4715, 2.73566, 4.58896, -0.188755, 0.673919, 0.287175, 0
2.02, 1.17547, 25, -25, 3.68987, 3.78771, 0.0018751, 1.14161, 0.5, 0
1.6, 1.2, 7.4114, 5.57543, 5.70838, 2.00495, -0.2984, -1.01854, 0, 1
1.7, 0.682432, -7.41261, 2.4531, 5.4397, 2.3268, -0.271931, 0.694177, 0.0908211, 0
1.7, -1.2, -7.41261, 2.4531, 5.4397, 2.3268, -0.271931, 0.694177, 0.0908211, 2
1.8, 1.05656, -6.54688, 11.8764, 4.74173, 3.04328, -0.245301, -0.161576, 0.218637, 0
1.91, 0.309136, -12.086, 11.7502, 3.71692, 4.34274, -0.209013, 0.821349, 0.28529, 0
2.12, -0.38603, 2.12804, -8.81612, 2.67133, 4.65082, -0.16773, -0.428181, 0.310971, 0
1.7, -1.2, -7.41261, 2.4531, 5.4397, 2.3268, -0.271931, 0.694177, 0, 1
1.8, 1.05656, -9.10358, 6.0251, 4.70088, 2.59649, -0.266959, 0.386743, 0.0429481, 0
1.8, -0.495239, -9.10358, 6.0251, 4.70088, 2.59649, -0.266959, 0.386743, 0.0429481, 2
1.9, 0.92094, -14.5252, 8.7796, 3.51944, 3.33672, -0.238, 0.19245, 0.0976177, 0
2.01, 1.19415, -12.7022, 7.58574, 2.02193, 4.23682, -0.161446, 1.19944, 0.222694, 0
2.22, -0.0563899, 9.23293, -13.9912, 1.65766, 3.56424, -0.00578404, 0.283055, 0.372757, 0
1.8, -0.495239, -9.10358, 6.0251, 4.70088, 2.59649, -0.266959, 0.386743, 0, 1
1.9, 0.92094, -17.3603, 15.7344, 3.11278, 3.84074, -0.249207, 0.476179, 0.0212435, 0
1.9, 1.2, -17.3603, 15.7344, 3.11278, 3.84074, -0.249207, 0.476179, 0.0212435, 2
2, -1.02423, 12.3154, -2.10853, 5.70121, 6.99829, -0.113518, -0.18466, 0.0138969, 0
2.11, 0.172428, 20.6525, 23.4894, 9.28263, 9.01612, -0.14272, -1.2, 0.00114874, 0
2.32, 1.2, 24.6568, 7.53285, 13.2922, 14.7922, -0.0693176, 1.02891, 0, 0
2.53, -1.17341, 25, -25, 21.1803, 12.2096, 0.0775865, -0.500487, 0, 0
2.74, -1.2, 25, -25, 33.3155, 1.95094, -0.38, -1.2, 0, 0
1.9, 1.2, -17.3603, 15.7344, 3.11278, 3.84074, -0.249207, 0.476179, 0, 1
2, -1.02423, -14.9321, -4.37849, 1.90594, 4.40721, -0.210822, -0.273091, 0.0419989, 0
2, 1.2, -14.9321, -4.37849, 1.90594, 4.40721, -0.210822, -0.273091, 0.0419989, 2
2.1, -1.2, 8.53351, -18.3994, 1.74953, 3.11485, -0.216846, 0.0367937, 0.193407, 0
2.21, -0.859078, 20.6435, -21.8259, 3.33123, 0.931116, -0.278383, -1.2, 0.317002, 0
2.42, 0.378011, -21.0263, 25, 3.28891, 1.26724, -0.38, 0.19612, 0.386683, 0
2, 1.2, -14.9321, -4.37849, 1.90594, 4.40721, -0.210822, -0.273091, 0, 1
2.1, -1.2, -7.00154, -7.22557, 0.744826, 3.7811, -0.20405, -0.444544, 0.048, 0
2.1, -0.936987, -7.00154, -7.22557, 0.744826, 3.7811, -0.20405, -0.444544, 0.048, 2
2.2, -0.443121, -0.392795, -4.38631, 0.375109, 3.20051, -0.26222, -0.718857, 0.101715, 0
2.31, 0.935495, -2.12197, -0.0959427, 0.236797, 2.95399, -0.279511, 0.404475, 0.160648, 0
2.52, 0.0366761, -6.94052, 0.531316, -0.714765, 2.9997, -0.182118, 0.523079, 0.25268, 0
2.1, -0.936987, -7.00154, -7.22557, 0.744826, 3.7811, -0.20405, -0.444544, 0, 1
2.2, -0.443121, -0.393233, -4.06963, 0.433598, 3.18922, -0.267565, -0.583521, 0.04965, 0
2.2, -0.0284827, -0.393233, -4.06963, 0.433598, 3.18922, -0.267565, -0.583521, 0.04965, 2
2.3, 1.00511, -1.8464, 0.662519, 0.321616, 3.01886, -0.266038, 0.614061, 0.100203, 0
2.41, 1.19992, -2.3378, 3.05442, 0.0914853, 3.22329, -0.16722, 1.18264, 0.234957, 0
2.62, -0.0229684, -3.01672, -2.16676, -0.47074, 3.3165, -0.00953213, 0.319154, 0.386193, 0
2.2, -0.0284827, -0.393233, -4.06963, 0.433598, 3.18922, -0.267565, -0.583521, 0, 1
2.3, 1.00511, -1.53749, 0.946151, 0.338592, 3.04158, -0.264897, 0.58517, 0.0327478, 0
2.3, 0.964227, -1.53749, 0.946151, 0.338592, 3.04158, -0.264897, 0.58517, 0.0327478, 2
2.4, 1.19998, -1.56864, 3.49538, 0.183286, 3.26365, -0.178619, 1.1404, 0.151232, 0
2.51, 0.883628, -0.950625, 2.13878, 0.0447257, 3.57353, -0.0594864, 1.02563, 0.273374, 0
2.72, -0.202602, -1.15064, -5.15819, -0.175907, 3.25649, 0.0513505, 0.0299567, 0.359668, 0
2.3, 0.964227, -1.53749, 0.946151, 0.338592, 3.04158, -0.264897, 0.58517, 0, 1
2.4, 1.19998, -0.942129, 3.71609, 0.20943, 3.30425, -0.176395, 1.08412, 0.117558, 0
2.4, 1.19991, -0.942129, 3.71609, 0.20943, 3.30425, -0.176395, 1.08412, 0.117558, 2
2.5, 0.968147, -0.75644, 2.48278, 0.124502, 3.61419, -0.0679884, 1.08402, 0.236413, 0
2.61, 0.587549, -0.33535, -1.18271, 0.0644535, 3.6857, 0.0316521, 0.72763, 0.306951, 0
2.82, 0.553308, 0.777367, -3.79687, 0.110865, 3.16284, 0.160466, 0.499171, 0.375345, 0
2.4, 1.19991, -0.942129, 3.71609, 0.20943, 3.30425, -0.176395, 1.08412, 0, 1
2.5, 0.968147, -0.913665, 2.04357, 0.120937, 3.62376, -0.0663763, 1.0432, 0.117959, 0
2.5, 0.670093, -0.913665, 2.04357, 0.120937, 3.62376, -0.0663763, 1.0432, 0.117959, 2
2.6, 0.666729, 0.383717, -0.982519, 0.09444, 3.67681, 0.0170059, 0.624441, 0.162637, 0
2.71, 0.349365, -0.164249, -3.95805, 0.106511, 3.40508, 0.0782427, 0.488956, 0.193799, 0
2.92, 1.14753, -0.180776, -1.83156, 0.0702833, 2.79717, 0.22052, 0.866069, 0.34488, 0
2.5, 0.670093, -0.913665, 2.04357, 0.120937, 3.62376, -0.0663763, 1.0432, 0, 1
2.6, 0.666729, -0.144048, -1.19654, 0.115853, 3.67629, 0.0141151, 0.697625, 0.0446774, 0
2.6, 0.395216, -0.144048, -1.19654, 0.115853, 3.67629, 0.0141151, 0.697625, 0.0446774, 2
2.7, 0.634782, -0.0917433, -3.8636, 0.104063, 3.42328, 0.073675, 0.493573, 0.0726346, 0
2.81, 0.86242, -2.01922, -4.33985, -0.0120399, 2.97209, 0.144295, 0.790431, 0.135704, 0
3.02, 0.739504, -1.44947, -0.0395992, -0.376252, 2.51225, 0.311893, 0.805735, 0.271221, 0
2.6, 0.395216, -0.144048, -1.19654, 0.115853, 3.67629, 0.0141151, 0.697625, 0, 1
2.7, 0.634782, -0.692591, -4.08344, 0.117441, 3.40658, 0.0705879, 0.571729, 0.0270006, 0
2.7, 0.447984, -0.692591, -4.08344, 0.117441, 3.40658, 0.0705879, 0.571729, 0.0270006, 2
2.8, 1.07477, -1.89139, -4.30153, -0.0117578, 2.98733, 0.138356, 0.783624, 0.0947911, 0
2.91, 0.799341, -2.26602, -2.10927, -0.240415, 2.63473, 0.234377, 0.962219, 0.193465, 0
3.12, 0.105022, -2.78962, 0.0277539, -0.771257, 2.41617, 0.358614, 0.220988, 0.261712, 0
2.7, 0.447984, -0.692591, -4.08344, 0.117441, 3.40658, 0.0705879, 0.571729, 0, 1
2.8, 1.07477, -1.95368, -3.97925, 0.00916328, 2.97523, 0.135468, 0.856717, 0.0612429, 0
2.8, 0.802652, -1.95368, -3.97925, 0.00916328, 2.97523, 0.135468, 0.856717, 0.0612429, 2
2.9, 1.1996, -1.922, -1.90613, -0.184621, 2.68096, 0.229207, 1.01807, 0.165407, 0
3.01, 0.681869, -1.87694, 0.272133, -0.393563, 2.59109, 0.336244, 0.928048, 0.270126, 0
3.22, -0.96636, -2.4508, -0.857375, -0.847976, 2.52964, 0.367812, -0.627396, 0.416999, 0
2.8, 0.802652, -1.95368, -3.97925, 0.00916328, 2.97523, 0.135468, 0.856717, 0, 1
2.9, 1.1996, -1.85182, -1.54981, -0.146782, 2.69966, 0.227568, 1.05957, 0.101538, 0
2.9, 1.2, -1.85182, -1.54981, -0.146782, 2.69966, 0.227568, 1.05957, 0.101538, 2
3, 0.327658, 1.55188, 1.6126, -0.161779, 2.7028, 0.317003, 0.729133, 0.178906, 0
3.11, -1.01239, 16.4816, -9.35033, 0.830063, 2.27723, 0.328609, -0.518114, 0.241182, 0
3.32, 1.2, 25, 16.8053, 5.18563, 3.06, 0.313181, 0.371181, 0.5, 0
2.9, 1.2, -1.85182, -1.54981, -0.146782, 2.69966, 0.227568, 1.05957, 0, 1
3, 0.327658, 1.70199, 1.53814, -0.211705, 2.68907, 0.320774, 0.633662, 0.064685, 0
3, -1.19444, 1.70199, 1.53814, -0.211705, 2.68907, 0.320774, 0.633662, 0.064685, 2
3.1, -0.814882, 18.5969, -4.29601, 0.80324, 2.55117, 0.292614, -1.19686, 0.16922, 0
3.21, 0.149502, 15.1224, -4.95988, 2.6578, 2.0421, 0.216285, -0.190947, 0.206972, 0
3.42, 0.585173, -2.70673, 22.6415, 3.96145, 3.89867, 0.261377, 0.620401, 0.245273, 0
3, -1.19444, 1.70199, 1.53814, -0.211705, 2.68907, 0.320774, 0.633662, 0, 1
3.1, -0.814882, 11.6606, 0.0894336, 0.721088, 2.91872, 0.277234, -0.807498, 0.102134, 0
3.1, 0.992818, 11.6606, 0.0894336, 0.721088, 2.91872, 0.277234, -0.807498, 0.102134, 2
3.2, 0.935197, 13.987, -7.83793, 2.00346, 2.5313, 0.295451, 1.17184, 0.195149, 0
3.31, -0.479457, 14.2611, -15.301, 3.55711, 1.25865, 0.363919, 0.0730389, 0.255894, 0
3.52, 0.635265, -24.9988, 24.9519, 2.42965, 2.27199, 0.38, 0.0801093, 0.322406, 0
3.1, 0.992818, 11.6606, 0.0894336, 0.721088, 2.91872, 0.277234, -0.807498, 0, 1
3.2, 0.935197, 13.2634, -1.56156, 1.79585, 3.02539, 0.309626, 0.812972, 0.0929587, 0
3.2, -1.2, 13.2634, -1.56156, 1.79585, 3.02539, 0.309626, 0.812972, 0.0929587, 2
3.3, -0.777276, 12.573, -10.6405, 3.08767, 2.41529, 0.290275, -1.2, 0.195167, 0
3.41, 0.867484, 6.61167, 7.34677, 4.14282, 2.23413, 0.237988, 0.249328, 0.269784, 0
3.62, -1.2, 17.7158, -6.162, 6.69721, 2.35853, 0.226931, -0.354637, 0.5, 0
3.2, -1.2, 13.2634, -1.56156, 1.79585, 3.02539, 0.309626, 0.812972, 0, 1
3.3, -0.777276, 11.2384, -4.57954, 3.3934, 1.99155, 0.273325, -0.770885, 0.0992296, 0
3.3, 0.3165, 11.2384, -4.57954, 3.3934, 1.99155, 0.273325, -0.770885, 0.0992296, 2
3.4, -0.7804, 14.6102, 7.55532, 4.68583, 2.14034, 0.226345, -0.168723, 0.134689, 0
3.51, -0.955412, 8.33146, 9.4678, 5.94762, 3.07661, 0.163023, -0.982587, 0.21839, 0
3.72, -0.406805, 1.15751, 2.34324, 6.94397, 4.31677, 0.0026834, -0.544452, 0.331612, 0
3.93, 0.469444, 7.07972, -1.97935, 7.80887, 4.35498, -0.0237916, 0.292309, 0.372128, 0
3.3, 0.3165, 11.2384, -4.57954, 3.3934, 1.99155, 0.273325, -0.770885, 0, 1
3.4, -0.7804, 10.0185, 9.85653, 4.65792, 2.42459, 0.238168, -0.46806, 0.0154067, 0
3.4, 1.2, 10.0185, 9.85653, 4.65792, 2.42459, 0.238168, -0.46806, 0.0154067, 2
3.5, -1.2, 7.51873, 14.5659, 5.65027, 3.59295, 0.218164, 0.0611297, 0.146129, 0
3.61, -0.860358, 1.85546, 3.5447, 6.17913, 4.59131, 0.155219, -1.2, 0.265672, 0
3.82, -1.2, 4.45226, -1.64836, 6.84867, 4.78688, -0.0716724, -0.952045, 0.493989, 0
3.4, 1.2, 10.0185, 9.85653, 4.65792, 2.42459, 0.238168, -0.46806, 0, 1
3.5, -1.2, -2.83342, 8.18574, 5.00402, 3.56777, 0.237852, -0.46005, 0.048, 0
3.5, -0.723699, -2.83342, 8.18574, 5.00402, 3.56777, 0.237852, -0.46005, 0.048, 2
3.6, -0.308861, -10.3331, 7.20615, 4.34569, 4.33736, 0.188706, -0.522877, 0.0789568, 0
3.71, -0.86014, -14.2081, -3.97235, 2.99592, 4.51522, 0.127244, -0.594608, 0.124895, 0
3.92, 1.15882, -24.1279, -17.6572, -1.02935, 2.24412, 0.115899, 0.486566, 0.34358, 0
3.5, -0.723699, -2.83342, 8.18574, 5.00402, 3.56777, 0.237852, -0.46005, 0, 1
3.6, -0.308861, -13.0293, 11.3005, 4.0944, 4.60591, 0.185382, -0.438723, 0.0280886, 0
3.6, -1.2, -13.0293, 11.3005, 4.0944, 4.60591, 0.185382, -0.438723, 0.0280886, 2
3.7, 0.261376, -8.55583, 2.00964, 2.89514, 5.33253, 0.140565, -0.488843, 0.0717783, 0
3.81, 1.2, 1.57043, -1.35362, 2.49333, 5.38846, 0.167373, 0.974516, 0.135466, 0
4.02, -1.2, -5.98345, 14.3978, 2.01975, 6.77377, 0.228833, -0.388949, 0.430027, 0
4.23, 0.223301, 24.0995, -25, 3.93149, 5.64073, 0.131726, -0.535877, 0.5, 0
3.6, -1.2, -13.0293, 11.3005, 4.0944, 4.60591, 0.185382, -0.438723, 0, 1
3.7, 0.261376, -9.5552, -3.63334, 2.94798, 4.956, 0.129393, -0.209418, 0.0398222, 0
3.7, -1.2, -9.5552, -3.63334, 2.94798, 4.956, 0.129393, -0.209418, 0.0398222, 2
3.8, 1.2, -11.8515, -4.51223, 1.86063, 4.65637, 0.106653, -0.242801, 0.371885, 0
3.91, -1.1475, 9.36941, 9.75554, 1.68003, 5.02234, 0.109244, 0.35058, 0.5, 0
4.12, -0.526897, 15.6675, 11.9476, 4.30814, 7.30222, -0.0598335, -1.07495, 0.5, 0
4.33, 1.2, -6.54173, -6.95663, 5.08769, 7.91958, -0.0991116, 0.842172, 0.5, 0
3.7, -1.2, -9.5552, -3.63334, 2.94798, 4.956, 0.129393, -0.209418, 0, 1
3.8, 1.2, -1.06036, -8.11762, 2.09801, 4.113, 0.105077, 0.406171, 0.048, 0
3.8, 1.2, -1.06036, -8.11762, 2.09801, 4.113, 0.105077, 0.406171, 0.048, 2
3.9, 1.02022, -20.7902, 20.1354, 3.11111, 2.59032, 0.179057, 1.2, 0.130646, 0
4.01, 0.055768, -25, 25, -0.900996, 6.88075, 0.272885, 0.429887, 0.158478, 0
4.22, -1.2, -25, 25, -9.42001, 15.4859, 0.211154, -1.01781, 0.280527, 0
4.43, -1.10491, -25, 25, -15.9224, 22.0128, -0.0226714, -1.2, 0.5, 0
3.8, 1.2, -1.06036, -8.11762, 2.09801, 4.113, 0.105077, 0.406171, 0, 1
3.9, 1.02022, 13.1492, -13.3493, 2.66457, 3.2866, 0.191745, 1.02245, 0.123503, 0
3.9, -0.0588388, 13.1492, -13.3493, 2.66457, 3.2866, 0.191745, 1.02245, 0.123503, 2
4, -1.2, -25, 21.1319, 1.94248, 7.42883, 0.140919, -1.1792, 0.149712, 0
4.11, -0.443849, -24.3743, 25, -1.46355, 11.3938, -0.114032, -1.1842, 0.249347, 0
4.32, -1.2, -25, 24.9947, -6.89939, 17.4065, -0.374116, -0.469021, 0.314618, 0
4.53, 1.2, 14.4042, 25, -8.68639, 23.4001, -0.379707, -0.569036, 0.5, 0
3.9, -0.0588388, 13.1492, -13.3493, 2.66457, 3.2866, 0.191745, 1.02245, 0, 1
4, -1.2, -3.77094, -8.55537, 3.29828, 2.00114, 0.196804, -0.699096, 0.050469, 0
4, -1.10464, -3.77094, -8.55537, 3.29828, 2.00114, 0.196804, -0.699096, 0.050469, 2
4.1, 1.12356, -25, 21.8581, -4.54236, 7.78673, -0.0124914, -1.02035, 0, 0
4.21, 1.2, -8.13741, 25, -8.09719, 11.0878, 0.172937, 1.19326, 0.0095648, 0
4.42, 1.17634, 19.6262, 15.1946, -7.05366, 15.4268, 0.376948, 1.2, 0.48329, 0
4.63, -1.12496, 24.061, 8.8822, -1.36588, 17.9519, 0.38, 0.990244, 0.5, 0
4, -1.10464, -3.77094, -8.55537, 3.29828, 2.00114, 0.196804, -0.699096, 0, 1
4.1, 1.12356, 0.411175, -3.03981, 2.9166, 1.4742, 0.156482, 0.345667, 0.041383, 0
4.1, -0.796011, 0.411175, -3.03981, 2.9166, 1.4742, 0.156482, 0.345667, 0.041383, 2
4.2, 0.198509, -25, 25, -2.74244, 7.49179, 0.0954686, -0.353666, 0.00778449, 0
4.31, 1.2, -25, 25, -7.05766, 11.9663, 0.10632, 1.13188, 0.060405, 0
4.52, -1.19802, 24.6375, 6.51231, -6.97368, 15.2068, 0.166089, -0.258802, 0.25058, 0
4.73, 1.19894, -8.99073, 25, -5.23237, 18.6588, 0.215528, 0.524255, 0.5, 0
4.1, -0.796011, 0.411175, -3.03981, 2.9166, 1.4742, 0.156482, 0.345667, 0, 1
4.2, 0.198509, -1.03567, 2.15916, 2.70501, 1.47013, 0.143116, -0.0722895, 0.0171675, 0
4.2, -1.2, -1.03567, 2.15916, 2.70501, 1.47013, 0.143116, -0.0722895, 0.0171675, 2
4.3, -1.2, -25, 25, -2.62528, 7.32012, 0.144095, -1.2, 9.60925e-005, 0
4.41, -1.2, -25, 25, -7.18859, 11.7519, -0.0334097, -1.19968, 0.00196291, 0
4.62, -0.71184, -13.1147, 0.157765, -11.7262, 14.7807, -0.379326, -1.19997, 0.0893909, 0
4.83, 1.2, -24.2922, 10.412, -15.5065, 15.783, -0.38, 1.04362, 0.14692, 0
4.2, -1.2, -1.03567, 2.15916, 2.70501, 1.47013, 0.143116, -0.0722895, 0, 1
4.3, -1.2, -8.99227, 11.6078, 2.05943, 2.2232, 0.0641177, -1.11032, 0.144, 0
4.3, -1.2, -8.99227, 11.6078, 2.05943, 2.2232, 0.0641177, -1.11032, 0.144, 2
4.4, 1.18975, -25, 25, -11.674, 7.33307, 0.0340197, -0.242851, 0, 0
4.51, -1.2, -25, 25, -23.3766, 14.1769, 0.0183546, -0.0705147, 0.140219, 0
4.72, 1.2, -25, 25, -49.2109, 33.2373, -0.0733463, -0.720557, 0.5, 0
4.93, -1.15524, -25, 25, -60.574, 44.1835, -0.0961585, 0.0645701, 0.5, 0
4.3, -1.2, -8.99227, 11.6078, 2.05943, 2.2232, 0.0641177, -1.11032, 0, 1
4.4, 1.18975, 5.91133, 11.9081, 1.87849, 3.25662, 0.00679174, 0.328002, 0.0475935, 0
4.4, -1.2, 5.91133, 11.9081, 1.87849, 3.25662, 0.00679174, 0.328002, 0.0475935, 2
4.5, -1.01089, -24.997, 25, -18.1304, 23.0607, -0.261772, -1.2, 0.454696, 0
4.61, 1.02351, -25, 25, -32.958, 33.8983, -0.2192, 0.851828, 0.457063, 0
4.82, 1.2, -25, 25, -44.4804, 52.4947, 0.295696, 1.2, 0.5, 0
4.4, -1.2, 5.91133, 11.9081, 1.87849, 3.25662, 0.00679174, 0.328002, 0, 1
4.5, -1.01089, 11.7831, -3.29245, 2.76615, 3.63718, -0.0529506, -0.958128, 0.122499, 0
4.5, -0.0826713, 11.7831, -3.29245, 2.76615, 3.63718, -0.0529506, -0.958128, 0.122499, 2
4.6, 0.765457, -18.69, 25, -9.88805, 19.6184, 0.3172, 0.208244, 0, 0
4.71, 1.2, -25, 25, -30.7333, 41.5813, 0.304255, 1.10907, 0.00869765, 0
4.92, 0.663578, -25, 25, -61.035, 73.5957, 0.337568, 1.2, 0.0845388, 0
5.13, -0.341647, -25, 25, -87.4626, 79.4539, 0.376659, -0.857596, 0, 0
4.5, -0.0826713, 11.7831, -3.29245, 2.76615, 3.63718, -0.0529506, -0.958128, 0, 1
4.6, 0.765457, 12.8377, 5.59689, 4.45507, 3.20878, -0.0719622, 0.387466, 0.0176493, 0
4.6, -1.2, 12.8377, 5.59689, 4.45507, 3.20878, -0.0719622, 0.387466, 0.0176493, 2
4.7, 1.2, -25, 25, -27.1787, 35.081, -0.38, -1.2, 0.5, 0
4.81, 1.13991, -25, 25, -41.7595, 53.6595, -0.335076, 1.2, 0.5, 0
5.02, 1.1905, -25, 23.0068, -58.1663, 78.8054, 0.309416, -0.902202, 0.422208, 0
4.6, -1.2, 12.8377, 5.59689, 4.45507, 3.20878, -0.0719622, 0.387466, 0, 1
4.7, 1.2, -0.362834, 10.7612, 5.16873, 3.95284, -0.0745761, 0.45364, 0.048, 0
4.7, 1.12929, -0.362834, 10.7612, 5.16873, 3.95284, -0.0745761, 0.45364, 0.048, 2
4.8, -1.2, -24.9687, 25, -21.5576, 36.9353, 0.0847392, -0.321035, 0.49302, 0
4.91, -0.907221, -25, 19.4749, -41.8194, 56.1659, -0.201531, -1.2, 0.5, 0
5.12, -1.2, -24.9944, 25, -61.152, 70.8371, -0.379807, -1.18688, 0.0873204, 0
4.7, 1.12929, -0.362834, 10.7612, 5.16873, 3.95284, -0.0745761, 0.45364, 0, 1
4.8, -1.2, -10.0343, 12.6833, 4.40832, 5.27827, -0.0441228, -0.406834, 0.0453384, 0
4.8, -1.2, -10.0343, 12.6833, 4.40832, 5.27827, -0.0441228, -0.406834, 0.0453384, 2
4.9, 0.764017, -25, 25, -14.0249, 32.9414, -0.0261423, -0.569724, 0.194714, 0
5.01, 1.2, -14.8172, 17.3239, -28.853, 50.6434, -0.0658717, 1.2, 0.250884, 0
5.22, 1.2, -25, 25, -46.9826, 66.0481, 0.38, 1.2, 0, 0
4.8, -1.2, -10.0343, 12.6833, 4.40832, 5.27827, -0.0441228, -0.406834, 0, 1
4.9, 0.764017, -8.59781, 1.84069, 3.51446, 6.04894, -0.0864556, 0.113006, 0.0368967, 0
4.9, 0.749738, -8.59781, 1.84069, 3.51446, 6.04894, -0.0864556, 0.113006, 0.0368967, 2
5, -0.142675, -22.5525, 23.2178, -7.52272, 16.353, 0.0170509, 0.386496, 0.049972, 0
5.11, 1.2, -23.0741, 25, -23.8254, 32.8489, 0.0817029, 0.183999, 0.0306543, 0
5.32, 1.2, 22.6869, 25, -25.8958, 46.3088, 0.310446, 1.2, 0.469738, 0
5.53, -1.2, 11.4542, -0.727054, -17.8616, 46.4402, 0.38, -0.802964, 0.314554, 0
4.9, 0.749738, -8.59781, 1.84069, 3.51446, 6.04894, -0.0864556, 0.113006, 0, 1
5, -0.142675, -10.3265, -2.01836, 2.52008, 5.88589, -0.0568193, 0.131157, 0.0158498, 0
5, -1.03617, -10.3265, -2.01836, 2.52008, 5.88589, -0.0568193, 0.131157, 0.0158498, 2
5.1, -1.2, -25, 25, -8.0279, 16.9805, -0.0472449, -1.2, 0.176707, 0
5.21, -1.2, -25, 25, -24.8502, 33.6482, -0.161546, -1.2, 0.376876, 0
5.42, -0.783989, 25, -25, -25.7561, 33.3622, -0.38, -1.11728, 0.498637, 0
5.63, 1.2, 25, -25, -17.1068, 24.5622, -0.38, 0.848266, 0.5, 0
5, -1.03617, -10.3265, -2.01836, 2.52008, 5.88589, -0.0568193, 0.131157, 0, 1
5.1, -1.2, -5.39514, 7.60602, 1.72175, 6.24725, -0.122067, -1.0476, 0.125236, 0
5.1, 1.2, -5.39514, 7.60602, 1.72175, 6.24725, -0.122067, -1.0476, 0.125236, 2
5.2, 0.556572, 7.87171, -3.87552, 4.83582, 4.62881, -0.125215, 1.16488, 0.350819, 0
5.31, 1.2, -25, 25, 4.87541, 4.64126, 0.00205034, 0.981495, 0.454438, 0
5.52, -1.18951, -25, 25, -4.83707, 14.2374, 0.0548669, -0.478481, 0.5, 0
5.1, 1.2, -5.39514, 7.60602, 1.72175, 6.24725, -0.122067, -1.0476, 0, 1
5.2, 0.556572, 1.0429, 0.231237, 1.4991, 6.45828, -0.0997836, 0.611766, 0.0805886, 0
5.2, 1.2, 1.0429, 0.231237, 1.4991, 6.45828, -0.0997836, 0.611766, 0.0805886, 2
5.3, 0.298585, 6.14728, -14.4049, 3.6076, 4.03123, -0.0167781, 0.871636, 0.201304, 0
5.41, 1.2, 25, -25, 8.52611, -1.45656, 0.0998316, 0.755271, 0.254951, 0
5.62, -1.08422, 25, -25, 17.3569, -10.1185, 0.162137, -0.161884, 0.5, 0
5.2, 1.2, 1.0429, 0.231237, 1.4991, 6.45828, -0.0997836, 0.611766, 0, 1
5.3, 0.298585, 7.14964, 2.43208, 1.92209, 6.46058, -0.0235816, 0.579546, 0.0629152, 0
5.3, -1.2, 7.14964, 2.43208, 1.92209, 6.46058, -0.0235816, 0.579546, 0.0629152, 2
5.4, 1.2, 8.14098, 10.0731, 1.81503, 5.91185, -0.00334728, -0.255205, 0.107822, 0
5.51, -1.2, 25, -25, 4.11273, 4.4375, -0.0194787, -0.0367776, 0.230477, 0
5.72, 1.2, 25, -25, 10.1555, -2.63144, -0.0229761, 0.00308628, 0.5, 0
5.3, -1.2, 7.14964, 2.43208, 1.92209, 6.46058, -0.0235816, 0.579546, 0, 1
5.4, 1.2, 9.39386, 10.9691, 2.68139, 7.26679, -0.0192117, 0.468916, 0.048, 0
5.4, -1.07787, 9.39386, 10.9691, 2.68139, 7.26679, -0.0192117, 0.468916, 0.048, 2
5.5, -0.838012, -25, 25, 5.55388, 5.4216, -0.00581168, -1.18124, 0.281867, 0
5.61, -1.2, -25, 25, -6.79983, 18.5949, -0.167754, -1.2, 0.403201, 0
5.82, 0.515304, 25, -25, -7.80626, 14.1571, -0.179225, -0.0798363, 0.320298, 0
6.03, -1.00262, -20.5421, 19.5848, -5.2394, 6.62206, -0.38, -0.911719, 0, 0
5.4, -1.07787, 9.39386, 10.9691, 2.68139, 7.26679, -0.0192117, 0.468916, 0, 1
5.5, -0.838012, -11.2699, 22.9502, 2.31903, 9.05015, -0.0647964, -0.802208, 0.0922444, 0
5.5, -1.2, -11.2699, 22.9502, 2.31903, 9.05015, -0.0647964, -0.802208, 0.0922444, 2
5.6, -0.782517, 18.6697, -15.1327, 0.204782, 12.9552, -0.253087, -1.2, 0.0485936, 0
5.71, 1.2, 21.3741, -25, 2.05068, 11.6374, -0.297089, 0.155788, 0.0378919, 0
5.92, -1.16225, 24.9155, -25, 11.1916, 1.8237, -0.263963, 0.0722733, 0.0309364, 0
6.13, -1.2, 25, -18.0249, 22.6334, -8.76685, -0.37119, -1.19628, 0.242785, 0
5.5, -1.2, -11.2699, 22.9502, 2.31903, 9.05015, -0.0647964, -0.802208, 0, 1
5.6, -0.782517, 12.2745, 11.1956, 2.56949, 10.6025, -0.159954, -0.902673, 0.0997117, 0
5.6, -1.2, 12.2745, 11.1956, 2.56949, 10.6025, -0.159954, -0.902673, 0.0997117, 2
5.7, 1.2, 25, -25, 4.67615, 11.1819, -0.209037, -0.232551, 0.330967, 0
5.81, 1.00518, 25, -25, 8.9804, 7.2398, -0.157, 1.2, 0.416236, 0
6.02, -1.2, 25, -25, 16.9013, -0.442844, -0.100493, -0.707909, 0.5, 0
6.23, -1.07661, 25, -25, 27.2591, -10.7061, -0.320321, -1.2, 0.5, 0
5.6, -1.2, 12.2745, 11.1956, 2.56949, 10.6025, -0.159954, -0.902673, 0, 1
5.7, 1.2, 29.1705, -17.5565, 4.43729, 10.4625, -0.209475, 0.351038, 0.048, 0
5.7, -1.2, 29.1705, -17.5565, 4.43729, 10.4625, -0.209475, 0.351038, 0.048, 2
5.8, -1.17111, 24.6026, -25, 9.37225, 5.41399, -0.285654, -1.2, 0.141321, 0
5.91, 0.44901, 25, -25, 16.477, -2.4857, -0.374974, -0.18498, 0.210716, 0
6.12, 1.2, 25, -25, 24.6331, -10.8936, -0.207253, 1.2, 0.382245, 0
5.7, -1.2, 29.1705, -17.5565, 4.43729, 10.4625, -0.209475, 0.351038, 0, 1
5.8, -1.17111, 28.3108, 16.0385, 6.7094, 10.3419, -0.272364, -1.05827, 0.140561, 0
5.8, 0.877984, 28.3108, 16.0385, 6.7094, 10.3419, -0.272364, -1.05827, 0.140561, 2
5.9, -1.2, 25, -25, 14.2803, 4.69317, -0.38, -0.38201, 0.0571235, 0
6.01, 1.19101, 25, -25, 20.3858, -0.819468, -0.38, 0.929499, 0.0439202, 0
6.22, -0.812056, 25, 24.1224, 31.3421, -0.52497, -0.212371, 1.2, 0.0165763, 0
5.8, 0.877984, 28.3108, 16.0385, 6.7094, 10.3419, -0.272364, -1.05827, 0, 1
5.9, -1.2, 27.6275, 27.739, 9.51766, 12.7078, -0.306627, -0.598459, 0.0385758, 0
5.9, -0.225462, 27.6275, 27.739, 9.51766, 12.7078, -0.306627, -0.598459, 0.0385758, 2
6, -0.219013, 25, -25, 21.9195, 2.9064, -0.194663, -0.17619, 0, 0
6.11, -0.829468, 2.48952, 7.3028, 24.0541, 1.33893, -0.161796, -0.591448, 0, 0
6.32, -0.609841, 25, 6.01663, 27.3618, 2.34134, -0.232505, -0.797687, 0.0859226, 0
6.53, -1.2, 13.3137, 25, 31.27, 6.23576, -0.23316, -1.12776, 0, 0
6.74, 1.2, 25, 25, 35.3464, 11.9338, -0.22926, 1.15788, 0, 0
5.9, -0.225462, 27.6275, 27.739, 9.51766, 12.7078, -0.306627, -0.598459, 0, 1
6, -0.219013, 14.2209, 25.3034, 11.9463, 15.5237, -0.342574, -0.251022, 0.0049393, 0
6, 0.953302, 14.2209, 25.3034, 11.9463, 15.5237, -0.342574, -0.251022, 0.0049393, 2
6.1, -0.975769, 25, -25, 18.249, 12.2213, -0.370405, -0.802791, 0.0935176, 0
6.21, -1.17626, 25, -25, 24.6987, 5.64689, -0.376714, -1.16331, 0.151677, 0
6.42, 1.2, 4.81876, -0.650229, 27.8594, 2.92555, -0.38, 1.03804, 0.497267, 0
6, 0.953302, 14.2209, 25.3034, 11.9463, 15.5237, -0.342574, -0.251022, 0, 1
6.1, -0.975769, -14.3831, 19.6326, 11.6625, 17.3993, -0.338992, -0.370162, 0.0310236, 0
6.1, -1.2, -14.3831, 19.6326, 11.6625, 17.3993, -0.338992, -0.370162, 0.0310236, 2
6.2, 1.2, 24.9998, -22.9558, 22.6743, 5.89013, -0.0646938, -1.2, 0.5, 0
6.31, 0.948051, 25, -25, 27.6859, 0.468621, 0.134988, 1.2, 0.471784, 0
6.52, -1.19291, 25, -25, 39.6848, -14.655, -0.277189, -1.2, 0.5, 0
6.1, -1.2, -14.3831, 19.6326, 11.6625, 17.3993, -0.338992, -0.370162, 0, 1
6.2, 1.2, -9.06086, 5.54783, 10.4548, 18.8323, -0.369152, 0.393388, 0.048, 0
6.2, 1.2, -9.06086, 5.54783, 10.4548, 18.8323, -0.369152, 0.393388, 0.048, 2
6.3, 1.18626, 15.5743, -21.0955, 18.5288, 6.03703, -0.307447, 1.2, 0.183945, 0
6.41, 1.2, 25, -25, 29.0948, -8.46594, -0.0486306, 1.2, 0.349804, 0
6.62, -0.383485, -25, 25, 32.02, -6.47844, 0.367563, 1.11346, 0.219447, 0
6.83, -0.153755, -25, 25, 10.5708, 18.1474, 0.354643, -1.2, 0.0692902, 0
6.2, 1.2, -9.06086, 5.54783, 10.4548, 18.8323, -0.369152, 0.393388, 0, 1
6.3, 1.18626, -14.9615, -6.36306, 9.20014, 18.6576, -0.278821, 1.1271, 0.142357, 0
6.3, 1.2, -14.9615, -6.36306, 9.20014, 18.6576, -0.278821, 1.1271, 0.142357, 2
6.4, -1.2, 24.6642, -25, 12.8656, 15.0163, -0.00995973, -0.337029, 0.163326, 0
6.51, 0.251399, 25, -25, 17.6519, 11.3214, 0.0412515, -0.756177, 0.0450216, 0
6.72, 1.04251, 5.50439, -8.1362, 21.4994, 6.50705, -0.0722442, 1.2, 0.0278635, 0
6.93, 0.960354, 25, -19.3979, 24.9955, 2.19887, -0.0155308, 1.2, 0.0380414, 0
6.3, 1.2, -14.9615, -6.36306, 9.20014, 18.6576, -0.278821, 1.1271, 0, 1
6.4, -1.2, -7.74148, 7.73853, 8.0357, 18.6225, -0.221139, -0.33319, 0.048, 0
6.4, 1.2, -7.74148, 7.73853, 8.0357, 18.6225, -0.221139, -0.33319, 0.048, 2
6.5, 1.08165, 25, -25, 15.1149, 10.7698, -0.214609, 1.2, 0.15659, 0
6.61, 1.2, 25, -23.247, 16.9534, 8.74226, -0.0701957, 1.14699, 0.307449, 0
6.82, -0.883356, 25, -23.1049, 22.4411, 3.80273, 0.03326, -0.130789, 0.5, 0
6.4, 1.2, -7.74148, 7.73853, 8.0357, 18.6225, -0.221139, -0.33319, 0, 1
6.5, 1.08165, -3.47211, 3.56987, 7.45902, 19.1029, -0.159826, 1.00275, 0.130265, 0
6.5, 1.2, -3.47211, 3.56987, 7.45902, 19.1029, -0.159826, 1.00275, 0.130265, 2
6.6, -0.249186, 6.73094, -0.822576, 13.0573, 15.653, -0.104227, 0.642861, 0.0866621, 0
6.71, 1.2, 25, -25, 16.7651, 12.7143, -0.0350159, 0.615377, 0.128404, 0
6.92, -1.2, 24.9929, -25, 25.1612, 4.40596, -0.00240322, -0.305061, 0.5, 0
6.5, 1.2, -3.47211, 3.56987, 7.45902, 19.1029, -0.159826, 1.00275, 0, 1
6.6, -0.249186, 3.13541, 4.65314, 7.43382, 19.4646, -0.0830272, 0.262032, 0.0401023, 0
6.6, 1.2, 3.13541, 4.65314, 7.43382, 19.4646, -0.0830272, 0.262032, 0.0401023, 2
6.7, -1.08306, 25, -25, 15.2982, 12.4157, -0.0830662, 0.25259, 0.325593, 0
6.81, -0.431666, 25, -25, 19.0206, 8.73859, -0.128112, -1.01967, 0.36733, 0
7.02, 1.2, 25, -25, 26.452, 1.21185, -0.103929, 1.2, 0.375088, 0
6.6, 1.2, 3.13541, 4.65314, 7.43382, 19.4646, -0.0830272, 0.262032, 0, 1
6.7, -1.08306, 4.99857, 9.32218, 7.94607, 19.9714, -0.053891, -0.327563, 0.0437781, 0
6.7, 1.2, 4.99857, 9.32218, 7.94607, 19.9714, -0.053891, -0.327563, 0.0437781, 2
6.8, 1.13685, 25, -24.3112, 15.7865, 12.6934, -0.0237936, 1.2, 0.0358843, 0
6.91, -1.2, 23.5649, -25, 18.2681, 5.72485, -0.360564, -1.1386, 0.0902861, 0
7.12, 0.75048, 25, 24.8557, 26.8702, 6.00515, -0.38, 0.777962, 0.204448, 0
6.7, 1.2, 4.99857, 9.32218, 7.94607, 19.9714, -0.053891, -0.327563, 0, 1
6.8, 1.13685, 7.28149, 13.5348, 8.74949, 20.9116, 0.00899892, 1.03833, 0.136555, 0
6.8, 1.2, 7.28149, 13.5348, 8.74949, 20.9116, 0.00899892, 1.03833, 0.136555, 2
6.9, -0.980972, 25, -8.09837, 20.5584, 8.75751, 0.036482, 1.2, 0.281142, 0
7.01, -1.2, 25, -25, 31.8769, -0.369447, 0.0604763, -1.2, 0.304596, 0
7.22, -1.2, -25, 25, 33.4582, -1.71611, -0.227955, -1.2, 0.5, 0
7.43, 0.317817, -25, 25, 15.8657, 15.7522, -0.378574, -0.157899, 0.5, 0
6.8, 1.2, 7.28149, 13.5348, 8.74949, 20.9116, 0.00899892, 1.03833, 0, 1
6.9, -0.980972, 5.93274, 10.146, 9.22791, 22.4004, 0.0688982, -0.200857, 0.040838, 0
6.9, 1.2, 5.93274, 10.146, 9.22791, 22.4004, 0.0688982, -0.200857, 0.040838, 2
7, 0.429662, 25, -25, 22.196, 13.0482, 0.153547, 1.10891, 0.0857927, 0
7.11, -1.2, 16.1307, -23.7374, 26.7612, 7.95485, 0.178606, -0.725803, 0.0810962, 0
7.32, 1.2, -25, 25, 24.3516, 9.6526, 0.0443183, 0.195539, 0.425071, 0
7.53, 0.338959, -1.63896, 22.8899, 20.9818, 15.2723, 0.233851, 1.19007, 0.5, 0
6.9, 1.2, 5.93274, 10.146, 9.22791, 22.4004, 0.0688982, -0.200857, 0, 1
7, 0.429662, 13.1843, 4.13907, 10.706, 22.7449, 0.118813, 0.598339, 0.0713401, 0
7, -0.756415, 13.1843, 4.13907, 10.706, 22.7449, 0.118813, 0.598339, 0.0713401, 2
7.1, -0.292852, 25, -25, 23.3593, 7.241, -0.00599662, -0.53259, 0, 0
7.21, 0.286836, 25, -25, 40.9067, -9.36262, -0.112392, 0.0149999, 0, 0
7.42, -1.1993, -12.1168, -25, 42.5567, -15.4204, -0.0722884, -0.781335, 0.143236, 0
7, -0.756415, 13.1843, 4.13907, 10.706, 22.7449, 0.118813, 0.598339, 0, 1
7.1, -0.292852, 3.91439, 6.74473, 11.5419, 23.2907, 0.103953, -0.353656, 0.0293148, 0
7.1, -1.2, 3.91439, 6.74473, 11.5419, 23.2907, 0.103953, -0.353656, 0.0293148, 2
7.2, -1.08112, 23.4112, -25, 44.9569, 4.7984, -0.0219917, -1.2, 0.496081, 0
7.31, -0.896566, 25, -25, 54.3923, -1.95038, -0.0344444, -0.954705, 0.473476, 0
7.52, -1.19727, 25, -25, 80.4789, -32.6963, -0.351972, -1.11508, 0.337834, 0
7.1, -1.2, 3.91439, 6.74473, 11.5419, 23.2907, 0.103953, -0.353656, 0, 1
7.2, -1.08112, 2.79864, 3.21117, 11.9246, 23.7494, 0.0176809, -1.05704, 0.130206, 0
7.2, 0.674249, 2.79864, 3.21117, 11.9246, 23.7494, 0.0176809, -1.05704, 0.130206, 2
7.3, -1.2, 25, -25, 31.6892, 3.12768, -0.116455, -1.2, 0.0366586, 0
7.41, 1.2, 25, -25, 55.5461, -13.4948, -0.309532, -0.765959, 0.127135, 0
7.62, 0.818909, 25, -25, 70.3471, -23.9056, 0.323023, 1.19833, 0.225194, 0
7.2, 0.674249, 2.79864, 3.21117, 11.9246, 23.7494, 0.0176809, -1.05704, 0, 1
7.3, -1.2, -6.16231, 5.40531, 11.5178, 24.2503, -0.0244384, -0.656234, 0.0361838, 0
7.3, -1.1961, -6.16231, 5.40531, 11.5178, 24.2503, -0.0244384, -0.656234, 0.0361838, 2
7.4, 0.97584, 25, -25, 43.3443, -21.7185, -0.367552, -1.2, 0.498659, 0
7.51, -1.00151, -24.7898, -24.968, 51.1469, -27.8956, -0.38, 1.03539, 0.489016, 0
7.72, 1.2, 24.8259, -13.644, 51.6247, -31.9234, -0.376028, 1.19514, 0.488869, 0
7.3, -1.1961, -6.16231, 5.40531, 11.5178, 24.2503, -0.0244384, -0.656234, 0, 1
7.4, 0.97584, -8.08349, -2.85158, 10.7696, 24.5323, -0.0704216, 0.229086, 0.0405239, 0
7.4, 1.2, -8.08349, -2.85158, 10.7696, 24.5323, -0.0704216, 0.229086, 0.0405239, 2
7.5, -0.967072, 25, -25, 51.0747, -2.86177, 0.265788, -0.882767, 0.421135, 0
7.61, 1.2, 25, -25, 76.7746, -14.156, -0.161502, -0.283303, 0.425826, 0
7.82, -1.2, 25, -21.1898, 99.3352, -21.4504, -0.136319, 1.18752, 0.5, 0
7.4, 1.2, -8.08349, -2.85158, 10.7696, 24.5323, -0.0704216, 0.229086, 0, 1
7.5, -0.967072, -10.1191, -11.4118, 9.90803, 23.773, -0.0395997, -0.256368, 0.0404914, 0
7.5, -0.93443, -10.1191, -11.4118, 9.90803, 23.773, -0.0395997, -0.256368, 0.0404914, 2
7.6, 1.2, 25, -25, 16.1006, 9.84599, -0.0950062, 0.600096, 0.197257, 0
7.71, 0.151097, 25, -25, 27.4585, -4.08082, -0.045575, 1.2, 0.273993, 0
7.92, 0.576587, -25, 25, 27.0571, -4.37172, 0.0434218, 0.357316, 0, 0
8.13, 1.2, -25, 25, 18.7487, 2.70251, 0.316681, 0.976435, 0.0276967, 0
7.5, -0.93443, -10.1191, -11.4118, 9.90803, 23.773, -0.0395997, -0.256368, 0, 1
7.6, 1.2, 7.559, -22.3342, 9.89142, 21.847, -0.0553238, 0.477875, 0.0397281, 0
7.6, 1.2, 7.559, -22.3342, 9.89142, 21.847, -0.0553238, 0.477875, 0.0397281, 2
7.7, -1.2, 25, -23.0493, 26.0206, -3.0531, -0.106073, 1.2, 0.5, 0
7.81, 0.0947008, 22.1048, -25, 27.0471, -4.70089, -0.0744636, -1.2, 0.5, 0
8.02, 0.850204, -25, 25, 23.1985, -1.88238, -0.0672573, 1.07656, 0.491404, 0
8.23, 0.783593, -25, 25, 7.59877, 11.1835, 0.286654, 0.677176, 0.425744, 0
7.6, 1.2, 7.559, -22.3342, 9.89142, 21.847, -0.0553238, 0.477875, 0, 1
7.7, -1.2, -18.4207, -6.60874, 9.25299, 20.3474, -0.0212473, -0.384822, 0.048, 0
7.7, 1.04466, -18.4207, -6.60874, 9.25299, 20.3474, -0.0212473, -0.384822, 0.048, 2
7.8, -1.05898, 25, -25, 15.8254, 17.6494, -0.273323, 0.955259, 0.22038, 0
7.91, 0.791835, 4.90989, -25, 23.6972, 9.95699, -0.359578, -1.10272, 0.283873, 0
8.12, 1.19459, -10.4931, -24.516, 22.9272, -2.05212, -0.374628, 1.2, 0.123085, 0
8.33, 1.2, -25, 8.00216, 4.98156, -10.598, -0.184907, 0.785005, 0.244117, 0
7.7, 1.04466, -18.4207, -6.60874, 9.25299, 20.3474, -0.0212473, -0.384822, 0, 1
7.8, -1.05898, -14.1659, 5.19796, 7.4989, 20.7605, -0.0210552, -0.407809, 0.0368829, 0
7.8, -1.2, -14.1659, 5.19796, 7.4989, 20.7605, -0.0210552, -0.407809, 0.0368829, 2
7.9, -1.2, 24.9965, -22.5213, 12.8382, 15.9408, -0.179017, -1.2, 0.222978, 0
8.01, 1.2, 25, -25, 19.3669, 9.60105, -0.323314, 0.308936, 0.441364, 0
8.22, 0.743731, 25, -25, 32.7104, -1.64159, -0.107507, 1.2, 0.498926, 0
7.8, -1.2, -14.1659, 5.19796, 7.4989, 20.7605, -0.0210552, -0.407809, 0, 1
7.9, -1.2, -4.57642, -0.0696732, 6.71627, 20.8221, -0.112252, -1.137, 0.144, 0
7.9, -1.2, -4.57642, -0.0696732, 6.71627, 20.8221, -0.112252, -1.137, 0.144, 2
8, 1.2, -5.01604, 5.92103, 6.83953, 21.5663, -0.169438, 0.0173416, 0.2312, 0
8.11, 0.984351, -25, 25, 4.80424, 23.5403, -0.0977213, 1.2, 0.332431, 0
8.32, -1.2, -25, 25, -4.72781, 33.0718, -0.0402481, -0.739229, 0.5, 0
7.9, -1.2, -4.57642, -0.0696732, 6.71627, 20.8221, -0.112252, -1.137, 0, 1
8, 1.2, -13.7015, -0.203636, 5.99444, 20.937, -0.170294, 0.332403, 0.048, 0
8, -1.2, -13.7015, -0.203636, 5.99444, 20.937, -0.170294, 0.332403, 0.048, 2
8.1, -0.853767, -25, 25, 3.74682, 22.3659, -0.211754, -1.2, 0.161052, 0
8.21, 0.0403291, -25, 25, 0.345261, 25.7533, -0.293395, -0.27508, 0.201232, 0
8.42, 1.2, -11.6588, -23.3177, -3.50866, 25.9355, -0.214551, 1.02597, 0.352603, 0
