0.000, 0.04, 0.08, 0.12, 0.2, 0.700
6.084, 1.23696
0.000, 0.04001, 0.08, 0.12, 0.2, 0.700
6.225, 1.15771
0.000, 0.04, 0.08001, 0.12, 0.2, 0.700
6.022, 1.24815
0.000, 0.04, 0.08, 0.12001, 0.2, 0.700
6.053, 1.14667
0.000, 0.04, 0.08, 0.12, 0.20001, 0.700
5.382, 1.03421
0.000, 0.03999, 0.08, 0.12, 0.2, 0.700
5.694, 0.960302
0.000, 0.04, 0.07999, 0.12, 0.2, 0.700
5.32, 1.5577
0.000, 0.04, 0.08, 0.11999, 0.2, 0.700
6.598, 1.30799
0.000, 0.04, 0.08, 0.12, 0.19999, 0.700
6.006, 1.15417
0.000, 0.04001, 0.08, 0.12, 0.2, 0.700
5.632, 1.15765
0.000, 0.04, 0.08001, 0.12, 0.2, 0.700
6.349, 1.25336
0.000, 0.04, 0.08, 0.12001, 0.2, 0.700
5.616, 1.1612
0.000, 0.04, 0.08, 0.12, 0.20001, 0.700
5.772, 1.05594
0.000, 0.03999, 0.08, 0.12, 0.2, 0.700
5.663, 1.0525
0.000, 0.04, 0.07999, 0.12, 0.2, 0.700
5.85, 1.1573
0.000, 0.04, 0.08, 0.11999, 0.2, 0.700
6.24, 1.22514
0.000, 0.04, 0.08, 0.12, 0.19999, 0.700
6.162, 1.15343
0.000, 0.04001, 0.08, 0.12, 0.2, 0.700
5.632, 1.14978
0.000, 0.04, 0.08001, 0.12, 0.2, 0.700
6.131, 1.18779
0.000, 0.04, 0.08, 0.12001, 0.2, 0.700
5.974, 1.18734
0.000, 0.04, 0.08, 0.12, 0.20001, 0.700
4.508, 0.924065
0.000, 0.03999, 0.08, 0.12, 0.2, 0.700
