0.000, 0.04, 0.08, 0.12, 0.2, 0.700
5.569, 1.14768
0.000, 0.04001, 0.08, 0.12, 0.2, 0.700
5.866, 1.16858
0.000, 0.04, 0.08001, 0.12, 0.2, 0.700
5.679, 1.16539
0.000, 0.04, 0.08, 0.12001, 0.2, 0.700
5.803, 1.18593
0.000, 0.04, 0.08, 0.12, 0.20001, 0.700
5.601, 1.15092
0.000, 0.03999, 0.08, 0.12, 0.2, 0.700
5.959, 1.04511
0.000, 0.04, 0.07999, 0.12, 0.2, 0.700
5.71, 1.1625
0.000, 0.04, 0.08, 0.11999, 0.2, 0.700
5.304, 1.04186
0.000, 0.04, 0.08, 0.12, 0.19999, 0.700
6.022, 1.12348
0.000, 0.04001, 0.08, 0.12, 0.2, 0.700
5.163, 1.04086
0.000, 0.04, 0.08001, 0.12, 0.2, 0.700
5.413, 1.13947
0.000, 0.04, 0.08, 0.12001, 0.2, 0.700
5.429, 1.03071
0.000, 0.04, 0.08, 0.12, 0.20001, 0.700
5.835, 1.14285
0.000, 0.03999, 0.08, 0.12, 0.2, 0.700
5.476, 1.05239
0.000, 0.04, 0.07999, 0.12, 0.2, 0.700
5.523, 1.04528
0.000, 0.04, 0.08, 0.11999, 0.2, 0.700
6.037, 1.14795
0.000, 0.04, 0.08, 0.12, 0.19999, 0.700
5.289, 1.04898
0.000, 0.04001, 0.08, 0.12, 0.2, 0.700
4.992, 1.43991
0.000, 0.04, 0.08001, 0.12, 0.2, 0.700
5.476, 1.04075
0.000, 0.04, 0.08, 0.12001, 0.2, 0.700
6.271, 1.24033
0.000, 0.04, 0.08, 0.12, 0.20001, 0.700
5.647, 1.14066
0.000, 0.03999, 0.08, 0.12, 0.2, 0.700
5.819, 1.16767
0.000, 0.04, 0.07999, 0.12, 0.2, 0.700
4.992, 1.45948
0.000, 0.04, 0.08, 0.11999, 0.2, 0.700
5.71, 1.15607
0.000, 0.04, 0.08, 0.12, 0.19999, 0.700
5.788, 1.17142
0.000, 0.687014, 0.697, 0.003, 0.0237038, 0.700
16.162, 329.376
0.000, 0.687024, 0.697, 0.003, 0.0237038, 0.700
6.818, 369.832
0.000, 0.687014, 0.69701, 0.003, 0.0237038, 0.700
