0.000, 0.04, 0.08, 0.12, 0.2, 0.700
6.25991, 1.53032
0.000, 0.04001, 0.08, 0.12, 0.2, 0.700
6.15209, 1.29586
0.000, 0.04, 0.08001, 0.12, 0.2, 0.700
6.27691, 1.29469
0.000, 0.04, 0.08, 0.12001, 0.2, 0.700
6.27836, 1.25617
0.000, 0.04, 0.08, 0.12, 0.20001, 0.700
6.04291, 1.29033
0.000, 0.03999, 0.08, 0.12, 0.2, 0.700
6.10391, 1.25877
0.000, 0.04, 0.07999, 0.12, 0.2, 0.700
5.85991, 1.38682
0.000, 0.04, 0.08, 0.11999, 0.2, 0.700
6.24155, 1.26775
0.000, 0.04, 0.08, 0.12, 0.19999, 0.700
6.05, 1.31257
0.000, 0.04001, 0.08, 0.12, 0.2, 0.700
5.79755, 1.28494
0.000, 0.04, 0.08001, 0.12, 0.2, 0.700
5.972, 1.30015
0.000, 0.04, 0.08, 0.12001, 0.2, 0.700
6.03436, 1.37309
0.000, 0.04, 0.08, 0.12, 0.20001, 0.700
6.25991, 1.31509
0.000, 0.03999, 0.08, 0.12, 0.2, 0.700
5.92382, 1.24755
0.000, 0.04, 0.07999, 0.12, 0.2, 0.700
6.12655, 1.27242
0.000, 0.04, 0.08, 0.11999, 0.2, 0.700
6.05, 1.28723
0.000, 0.04, 0.08, 0.12, 0.19999, 0.700
5.76209, 1.46523
0.000, 0.04001, 0.08, 0.12, 0.2, 0.700
5.91955, 1.28302
0.000, 0.04, 0.08001, 0.12, 0.2, 0.700
6.06845, 1.27345
0.000, 0.04, 0.08, 0.12001, 0.2, 0.700
6.20173, 1.37569
0.000, 0.04, 0.08, 0.12, 0.20001, 0.700
6.00173, 1.2683
0.000, 0.03999, 0.08, 0.12, 0.2, 0.700
6.07982, 1.49107
0.000, 0.04, 0.07999, 0.12, 0.2, 0.700
5.96636, 1.28838
0.000, 0.04, 0.08, 0.11999, 0.2, 0.700
5.72664, 1.47141
0.000, 0.04, 0.08, 0.12, 0.19999, 0.700
5.643, 1.26958
0.000, 0.696, 0.697, 0.698, 0.699, 0.700
5.75791, 275.533
0.000, 0.69601, 0.697, 0.698, 0.699, 0.700
6.12655, 275.508
0.000, 0.696, 0.69701, 0.698, 0.699, 0.700
